       -132.000          50.000      -0.0012470
       -132.000          50.050      -0.0008310
       -132.000          50.100      -0.0002620
       -132.000          50.150       0.0004940
       -132.000          50.200       0.0014770
       -132.000          50.250       0.0027230
       -132.000          50.300       0.0042640
       -132.000          50.350       0.0061170
       -132.000          50.400       0.0082660
       -132.000          50.450       0.0106430
       -132.000          50.500       0.0130950
       -132.000          50.550       0.0153480
       -132.000          50.600       0.0169680
       -132.000          50.650       0.0173350
       -132.000          50.700       0.0156470
       -132.000          50.750       0.0109940
       -132.000          50.800       0.0025180
       -132.000          50.850      -0.0103240
       -132.000          50.900      -0.0274310
       -132.000          50.950      -0.0477780
       -132.000          51.000      -0.0693280
       -132.000          51.050      -0.0892890
       -132.000          51.100      -0.1047280
       -132.000          51.150      -0.1133470
       -132.000          51.200      -0.1141270
       -132.000          51.250      -0.1075350
       -132.000          51.300      -0.0952570
       -132.000          51.350      -0.0795900
       -132.000          51.400      -0.0628170
       -132.000          51.450      -0.0467580
       -132.000          51.500      -0.0325830
       -132.000          51.550      -0.0208480
       -132.000          51.600      -0.0116390
       -132.000          51.650      -0.0047510
       -132.000          51.700       0.0001690
       -132.000          51.750       0.0035090
       -132.000          51.800       0.0056380
       -132.000          51.850       0.0068730
       -132.000          51.900       0.0074690
       -132.000          51.950       0.0076240
       -132.000          52.000       0.0074860
       -131.950          50.000      -0.0018040
       -131.950          50.050      -0.0014500
       -131.950          50.100      -0.0009400
       -131.950          50.150      -0.0002330
       -131.950          50.200       0.0007190
       -131.950          50.250       0.0019670
       -131.950          50.300       0.0035610
       -131.950          50.350       0.0055400
       -131.950          50.400       0.0079170
       -131.950          50.450       0.0106550
       -131.950          50.500       0.0136250
       -131.950          50.550       0.0165640
       -131.950          50.600       0.0190110
       -131.950          50.650       0.0202630
       -131.950          50.700       0.0193510
       -131.950          50.750       0.0150970
       -131.950          50.800       0.0062970
       -131.950          50.850      -0.0079460
       -131.950          50.900      -0.0277550
       -131.950          50.950      -0.0520360
       -131.950          51.000      -0.0782680
       -131.950          51.050      -0.1028000
       -131.950          51.100      -0.1216860
       -131.950          51.150      -0.1318340
       -131.950          51.200      -0.1319430
       -131.950          51.250      -0.1228000
       -131.950          51.300      -0.1068200
       -131.950          51.350      -0.0871460
       -131.950          51.400      -0.0667400
       -131.950          51.450      -0.0478080
       -131.950          51.500      -0.0316360
       -131.950          51.550      -0.0186990
       -131.950          51.600      -0.0089130
       -131.950          51.650      -0.0018840
       -131.950          51.700       0.0029040
       -131.950          51.750       0.0059650
       -131.950          51.800       0.0077540
       -131.950          51.850       0.0086420
       -131.950          51.900       0.0089120
       -131.950          51.950       0.0087800
       -131.950          52.000       0.0083970
       -131.900          50.000      -0.0024030
       -131.900          50.050      -0.0021290
       -131.900          50.100      -0.0016990
       -131.900          50.150      -0.0010680
       -131.900          50.200      -0.0001780
       -131.900          50.250       0.0010360
       -131.900          50.300       0.0026420
       -131.900          50.350       0.0047090
       -131.900          50.400       0.0072830
       -131.900          50.450       0.0103690
       -131.900          50.500       0.0138790
       -131.900          50.550       0.0175790
       -131.900          50.600       0.0210050
       -131.900          50.650       0.0233810
       -131.900          50.700       0.0235590
       -131.900          50.750       0.0200410
       -131.900          50.800       0.0111670
       -131.900          50.850      -0.0044690
       -131.900          50.900      -0.0273810
       -131.900          50.950      -0.0564790
       -131.900          51.000      -0.0886640
       -131.900          51.050      -0.1191160
       -131.900          51.100      -0.1424630
       -131.900          51.150      -0.1544740
       -131.900          51.200      -0.1534810
       -131.900          51.250      -0.1407800
       -131.900          51.300      -0.1198770
       -131.900          51.350      -0.0950890
       -131.900          51.400      -0.0702550
       -131.900          51.450      -0.0480150
       -131.900          51.500      -0.0297020
       -131.900          51.550      -0.0156140
       -131.900          51.600      -0.0054020
       -131.900          51.650       0.0015850
       -131.900          51.700       0.0060670
       -131.900          51.750       0.0087030
       -131.900          51.800       0.0100390
       -131.900          51.850       0.0104960
       -131.900          51.900       0.0103850
       -131.900          51.950       0.0099270
       -131.900          52.000       0.0092760
       -131.850          50.000      -0.0030400
       -131.850          50.050      -0.0028620
       -131.850          50.100      -0.0025350
       -131.850          50.150      -0.0020090
       -131.850          50.200      -0.0012170
       -131.850          50.250      -0.0000810
       -131.850          50.300       0.0014880
       -131.850          50.350       0.0035870
       -131.850          50.400       0.0063070
       -131.850          50.450       0.0097040
       -131.850          50.500       0.0137500
       -131.850          50.550       0.0182690
       -131.850          50.600       0.0228240
       -131.850          50.650       0.0265910
       -131.850          50.700       0.0282480
       -131.850          50.750       0.0259260
       -131.850          50.800       0.0173780
       -131.850          50.850       0.0004690
       -131.850          50.900      -0.0259500
       -131.850          50.950      -0.0609550
       -131.850          51.000      -0.1007700
       -131.850          51.050      -0.1389850
       -131.850          51.100      -0.1681810
       -131.850          51.150      -0.1824730
       -131.850          51.200      -0.1797040
       -131.850          51.250      -0.1620030
       -131.850          51.300      -0.1345090
       -131.850          51.350      -0.1031890
       -131.850          51.400      -0.0729950
       -131.850          51.450      -0.0470070
       -131.850          51.500      -0.0264870
       -131.850          51.550      -0.0113980
       -131.850          51.600      -0.0010000
       -131.850          51.650       0.0056970
       -131.850          51.700       0.0096560
       -131.850          51.750       0.0116980
       -131.850          51.800       0.0124560
       -131.850          51.850       0.0123970
       -131.850          51.900       0.0118490
       -131.850          51.950       0.0110340
       -131.850          52.000       0.0100960
       -131.800          50.000      -0.0037060
       -131.800          50.050      -0.0036420
       -131.800          50.100      -0.0034410
       -131.800          50.150      -0.0030500
       -131.800          50.200      -0.0023960
       -131.800          50.250      -0.0013900
       -131.800          50.300       0.0000790
       -131.800          50.350       0.0021410
       -131.800          50.400       0.0049320
       -131.800          50.450       0.0085710
       -131.800          50.500       0.0131170
       -131.800          50.550       0.0184790
       -131.800          50.600       0.0242920
       -131.800          50.650       0.0297350
       -131.800          50.700       0.0333350
       -131.800          50.750       0.0328190
       -131.800          50.800       0.0252050
       -131.800          50.850       0.0073380
       -131.800          50.900      -0.0229480
       -131.800          50.950      -0.0651870
       -131.800          51.000      -0.1148630
       -131.800          51.050      -0.1633970
       -131.800          51.100      -0.2003760
       -131.800          51.150      -0.2174700
       -131.800          51.200      -0.2118700
       -131.800          51.250      -0.1870770
       -131.800          51.300      -0.1507050
       -131.800          51.350      -0.1110430
       -131.800          51.400      -0.0744260
       -131.800          51.450      -0.0443050
       -131.800          51.500      -0.0216440
       -131.800          51.550      -0.0058440
       -131.800          51.600       0.0043880
       -131.800          51.650       0.0104690
       -131.800          51.700       0.0136470
       -131.800          51.750       0.0149030
       -131.800          51.800       0.0149540
       -131.800          51.850       0.0142970
       -131.800          51.900       0.0132630
       -131.800          51.950       0.0120630
       -131.800          52.000       0.0108280
       -131.750          50.000      -0.0043920
       -131.750          50.050      -0.0044570
       -131.750          50.100      -0.0044060
       -131.750          50.150      -0.0041820
       -131.750          50.200      -0.0037090
       -131.750          50.250      -0.0028890
       -131.750          50.300      -0.0015920
       -131.750          50.350       0.0003430
       -131.750          50.400       0.0031020
       -131.750          50.450       0.0068810
       -131.750          50.500       0.0118390
       -131.750          50.550       0.0180150
       -131.750          50.600       0.0251740
       -131.750          50.650       0.0325720
       -131.750          50.700       0.0386460
       -131.750          50.750       0.0407210
       -131.750          50.800       0.0349300
       -131.750          50.850       0.0167250
       -131.750          50.900      -0.0176480
       -131.750          50.950      -0.0687050
       -131.750          51.000      -0.1312310
       -131.750          51.050      -0.1936750
       -131.750          51.100      -0.2411880
       -131.750          51.150      -0.2617300
       -131.750          51.200      -0.2516260
       -131.750          51.250      -0.2166660
       -131.750          51.300      -0.1682710
       -131.750          51.350      -0.1179910
       -131.750          51.400      -0.0738030
       -131.750          51.450      -0.0393040
       -131.750          51.500      -0.0147820
       -131.750          51.550       0.0012450
       -131.750          51.600       0.0108220
       -131.750          51.650       0.0158810
       -131.750          51.700       0.0179770
       -131.750          51.750       0.0182450
       -131.750          51.800       0.0174600
       -131.750          51.850       0.0161310
       -131.750          51.900       0.0145730
       -131.750          51.950       0.0129730
       -131.750          52.000       0.0114390
       -131.700          50.000      -0.0050840
       -131.700          50.050      -0.0052940
       -131.700          50.100      -0.0054130
       -131.700          50.150      -0.0053880
       -131.700          50.200      -0.0051410
       -131.700          50.250      -0.0045680
       -131.700          50.300      -0.0035240
       -131.700          50.350      -0.0018230
       -131.700          50.400       0.0007740
       -131.700          50.450       0.0045420
       -131.700          50.500       0.0097650
       -131.700          50.550       0.0166520
       -131.700          50.600       0.0251690
       -131.700          50.650       0.0347530
       -131.700          50.700       0.0438730
       -131.700          50.750       0.0495130
       -131.700          50.800       0.0468020
       -131.700          50.850       0.0293470
       -131.700          50.900      -0.0090280
       -131.700          50.950      -0.0707290
       -131.700          51.000      -0.1501210
       -131.700          51.050      -0.2316080
       -131.700          51.100      -0.2936440
       -131.700          51.150      -0.3184260
       -131.700          51.200      -0.3011290
       -131.700          51.250      -0.2514320
       -131.700          51.300      -0.1866880
       -131.700          51.350      -0.1229900
       -131.700          51.400      -0.0701040
       -131.700          51.450      -0.0312690
       -131.700          51.500      -0.0054890
       -131.700          51.550       0.0100310
       -131.700          51.600       0.0183050
       -131.700          51.650       0.0218580
       -131.700          51.700       0.0225440
       -131.700          51.750       0.0216180
       -131.700          51.800       0.0198820
       -131.700          51.850       0.0178230
       -131.700          51.900       0.0157180
       -131.700          51.950       0.0137180
       -131.700          52.000       0.0118950
       -131.650          50.000      -0.0057680
       -131.650          50.050      -0.0061340
       -131.650          50.100      -0.0064440
       -131.650          50.150      -0.0066460
       -131.650          50.200      -0.0066690
       -131.650          50.250      -0.0064050
       -131.650          50.300      -0.0057050
       -131.650          50.350      -0.0043570
       -131.650          50.400      -0.0020820
       -131.650          50.450       0.0014790
       -131.650          50.500       0.0067470
       -131.650          50.550       0.0141380
       -131.650          50.600       0.0239030
       -131.650          50.650       0.0358000
       -131.650          50.700       0.0485200
       -131.650          50.750       0.0588710
       -131.650          50.800       0.0609540
       -131.650          50.850       0.0460270
       -131.650          50.900       0.0043290
       -131.650          50.950      -0.0699830
       -131.650          51.000      -0.1716420
       -131.650          51.050      -0.2796340
       -131.650          51.100      -0.3621140
       -131.650          51.150      -0.3920810
       -131.650          51.200      -0.3631990
       -131.650          51.250      -0.2918930
       -131.650          51.300      -0.2048640
       -131.650          51.350      -0.1244360
       -131.650          51.400      -0.0619720
       -131.650          51.450      -0.0193520
       -131.650          51.500       0.0066200
       -131.650          51.550       0.0205900
       -131.650          51.600       0.0267540
       -131.650          51.650       0.0282500
       -131.650          51.700       0.0271880
       -131.650          51.750       0.0248830
       -131.650          51.800       0.0221050
       -131.650          51.850       0.0192830
       -131.650          51.900       0.0166320
       -131.650          51.950       0.0142490
       -131.650          52.000       0.0121600
       -131.600          50.000      -0.0064270
       -131.600          50.050      -0.0069590
       -131.600          50.100      -0.0074730
       -131.600          50.150      -0.0079290
       -131.600          50.200      -0.0082600
       -131.600          50.250      -0.0083670
       -131.600          50.300      -0.0080990
       -131.600          50.350      -0.0072380
       -131.600          50.400      -0.0054680
       -131.600          50.450      -0.0023580
       -131.600          50.500       0.0026500
       -131.600          50.550       0.0102100
       -131.600          50.600       0.0209420
       -131.600          50.650       0.0350900
       -131.600          50.700       0.0518380
       -131.600          50.750       0.0681490
       -131.600          50.800       0.0772560
       -131.600          50.850       0.0676210
       -131.600          50.900       0.0243370
       -131.600          50.950      -0.0644100
       -131.600          51.000      -0.1955680
       -131.600          51.050      -0.3411000
       -131.600          51.100      -0.4530420
       -131.600          51.150      -0.4892560
       -131.600          51.200      -0.4414790
       -131.600          51.250      -0.3381080
       -131.600          51.300      -0.2207430
       -131.600          51.350      -0.1199450
       -131.600          51.400      -0.0476780
       -131.600          51.450      -0.0026570
       -131.600          51.500       0.0218230
       -131.600          51.550       0.0328540
       -131.600          51.600       0.0359540
       -131.600          51.650       0.0348160
       -131.600          51.700       0.0316930
       -131.600          51.750       0.0278610
       -131.600          51.800       0.0239940
       -131.600          51.850       0.0204130
       -131.600          51.900       0.0172450
       -131.600          51.950       0.0145160
       -131.600          52.000       0.0122010
       -131.550          50.000      -0.0070430
       -131.550          50.050      -0.0077440
       -131.550          50.100      -0.0084720
       -131.550          50.150      -0.0091990
       -131.550          50.200      -0.0098710
       -131.550          50.250      -0.0104040
       -131.550          50.300      -0.0106570
       -131.550          50.350      -0.0104150
       -131.550          50.400      -0.0093510
       -131.550          50.450      -0.0069800
       -131.550          50.500      -0.0026210
       -131.550          50.550       0.0046280
       -131.550          50.600       0.0158150
       -131.550          50.650       0.0318510
       -131.550          50.700       0.0527700
       -131.550          50.750       0.0762250
       -131.550          50.800       0.0950820
       -131.550          50.850       0.0948190
       -131.550          50.900       0.0534770
       -131.550          50.950      -0.0507490
       -131.550          51.000      -0.2209400
       -131.550          51.050      -0.4206160
       -131.550          51.100      -0.5761530
       -131.550          51.150      -0.6196480
       -131.550          51.200      -0.5405450
       -131.550          51.250      -0.3890500
       -131.550          51.300      -0.2306810
       -131.550          51.350      -0.1061030
       -131.550          51.400      -0.0251680
       -131.550          51.450       0.0196210
       -131.550          51.500       0.0401640
       -131.550          51.550       0.0465300
       -131.550          51.600       0.0455250
       -131.550          51.650       0.0412040
       -131.550          51.700       0.0357760
       -131.550          51.750       0.0303440
       -131.550          51.800       0.0253990
       -131.550          51.850       0.0211090
       -131.550          51.900       0.0174860
       -131.550          51.950       0.0144720
       -131.550          52.000       0.0119850
       -131.500          50.000      -0.0075970
       -131.500          50.050      -0.0084640
       -131.500          50.100      -0.0094090
       -131.500          50.150      -0.0104160
       -131.500          50.200      -0.0114520
       -131.500          50.250      -0.0124520
       -131.500          50.300      -0.0133010
       -131.500          50.350      -0.0138070
       -131.500          50.400      -0.0136520
       -131.500          50.450      -0.0123350
       -131.500          50.500      -0.0090880
       -131.500          50.550      -0.0027910
       -131.500          50.600       0.0080610
       -131.500          50.650       0.0251970
       -131.500          50.700       0.0499100
       -131.500          50.750       0.0813200
       -131.500          50.800       0.1129490
       -131.500          50.850       0.1277410
       -131.500          50.900       0.0947320
       -131.500          50.950      -0.0239340
       -131.500          51.000      -0.2452930
       -131.500          51.050      -0.5244910
       -131.500          51.100      -0.7465090
       -131.500          51.150      -0.7978700
       -131.500          51.200      -0.6657760
       -131.500          51.250      -0.4413420
       -131.500          51.300      -0.2285180
       -131.500          51.350      -0.0782690
       -131.500          51.400       0.0077450
       -131.500          51.450       0.0479390
       -131.500          51.500       0.0612720
       -131.500          51.550       0.0610030
       -131.500          51.600       0.0548820
       -131.500          51.650       0.0469480
       -131.500          51.700       0.0390970
       -131.500          51.750       0.0320960
       -131.500          51.800       0.0261630
       -131.500          51.850       0.0212680
       -131.500          51.900       0.0172880
       -131.500          51.950       0.0140750
       -131.500          52.000       0.0114890
       -131.450          50.000      -0.0080670
       -131.450          50.050      -0.0090920
       -131.450          50.100      -0.0102470
       -131.450          50.150      -0.0115340
       -131.450          50.200      -0.0129410
       -131.450          50.250      -0.0144340
       -131.450          50.300      -0.0159350
       -131.450          50.350      -0.0172930
       -131.450          50.400      -0.0182370
       -131.450          50.450      -0.0182920
       -131.450          50.500      -0.0166700
       -131.450          50.550      -0.0121040
       -131.450          50.600      -0.0026810
       -131.450          50.650       0.0142200
       -131.450          50.700       0.0415330
       -131.450          50.750       0.0808290
       -131.450          50.800       0.1280090
       -131.450          50.850       0.1651720
       -131.450          50.900       0.1511610
       -131.450          50.950       0.0236480
       -131.450          51.000      -0.2631950
       -131.450          51.050      -0.6611890
       -131.450          51.100      -0.9880870
       -131.450          51.150      -1.0463640
       -131.450          51.200      -0.8224740
       -131.450          51.250      -0.4868300
       -131.450          51.300      -0.2043330
       -131.450          51.350      -0.0306400
       -131.450          51.400       0.0528740
       -131.450          51.450       0.0819870
       -131.450          51.500       0.0841410
       -131.450          51.550       0.0752530
       -131.450          51.600       0.0632190
       -131.450          51.650       0.0514780
       -131.450          51.700       0.0412760
       -131.450          51.750       0.0328720
       -131.450          51.800       0.0261310
       -131.450          51.850       0.0207950
       -131.450          51.900       0.0165950
       -131.450          51.950       0.0132940
       -131.450          52.000       0.0106950
       -131.400          50.000      -0.0084350
       -131.400          50.050      -0.0096020
       -131.400          50.100      -0.0109510
       -131.400          50.150      -0.0125030
       -131.400          50.200      -0.0142720
       -131.400          50.250      -0.0162600
       -131.400          50.300      -0.0184380
       -131.400          50.350      -0.0207200
       -131.400          50.400      -0.0229110
       -131.400          50.450      -0.0246260
       -131.400          50.500      -0.0251420
       -131.400          50.550      -0.0231760
       -131.400          50.600      -0.0165520
       -131.400          50.650      -0.0018430
       -131.400          50.700       0.0257450
       -131.400          50.750       0.0712580
       -131.400          50.800       0.1354450
       -131.400          50.850       0.2032680
       -131.400          50.900       0.2246480
       -131.400          50.950       0.1027440
       -131.400          51.000      -0.2635800
       -131.400          51.050      -0.8414140
       -131.400          51.100      -1.3402280
       -131.400          51.150      -1.4001670
       -131.400          51.200      -1.0128740
       -131.400          51.250      -0.5080780
       -131.400          51.300      -0.1431550
       -131.400          51.350       0.0429690
       -131.400          51.400       0.1106720
       -131.400          51.450       0.1201150
       -131.400          51.500       0.1068980
       -131.400          51.550       0.0878050
       -131.400          51.600       0.0695240
       -131.400          51.650       0.0541490
       -131.400          51.700       0.0419190
       -131.400          51.750       0.0324380
       -131.400          51.800       0.0251700
       -131.400          51.850       0.0196170
       -131.400          51.900       0.0153690
       -131.400          51.950       0.0121090
       -131.400          52.000       0.0095940
       -131.350          50.000      -0.0086800
       -131.350          50.050      -0.0099680
       -131.350          50.100      -0.0114850
       -131.350          50.150      -0.0132720
       -131.350          50.200      -0.0153730
       -131.350          50.250      -0.0178300
       -131.350          50.300      -0.0206730
       -131.350          50.350      -0.0238970
       -131.350          50.400      -0.0274200
       -131.350          50.450      -0.0310060
       -131.350          50.500      -0.0341080
       -131.350          50.550      -0.0356010
       -131.350          50.600      -0.0333190
       -131.350          50.650      -0.0233440
       -131.350          50.700       0.0008300
       -131.350          50.750       0.0484240
       -131.350          50.800       0.1279560
       -131.350          50.850       0.2336200
       -131.350          50.900       0.3130550
       -131.350          50.950       0.2267090
       -131.350          51.000      -0.2252990
       -131.350          51.050      -1.0766910
       -131.350          51.100      -1.8694810
       -131.350          51.150      -1.9145110
       -131.350          51.200      -1.2275050
       -131.350          51.250      -0.4706480
       -131.350          51.300      -0.0247670
       -131.350          51.350       0.1468300
       -131.350          51.400       0.1786110
       -131.350          51.450       0.1586700
       -131.350          51.500       0.1266550
       -131.350          51.550       0.0967620
       -131.350          51.600       0.0726560
       -131.350          51.650       0.0543050
       -131.350          51.700       0.0406630
       -131.350          51.750       0.0306010
       -131.350          51.800       0.0231820
       -131.350          51.850       0.0176870
       -131.350          51.900       0.0135930
       -131.350          51.950       0.0105190
       -131.350          52.000       0.0081940
       -131.300          50.000      -0.0087880
       -131.300          50.050      -0.0101650
       -131.300          50.100      -0.0118130
       -131.300          50.150      -0.0137920
       -131.300          50.200      -0.0161750
       -131.300          50.250      -0.0190440
       -131.300          50.300      -0.0224930
       -131.300          50.350      -0.0266110
       -131.300          50.400      -0.0314580
       -131.300          50.450      -0.0370000
       -131.300          50.500      -0.0429790
       -131.300          50.550      -0.0486420
       -131.300          50.600      -0.0522060
       -131.300          50.650      -0.0498620
       -131.300          50.700      -0.0341230
       -131.300          50.750       0.0081980
       -131.300          50.800       0.0957800
       -131.300          50.850       0.2408920
       -131.300          50.900       0.4046760
       -131.300          50.950       0.4073240
       -131.300          51.000      -0.1112200
       -131.300          51.050      -1.3732290
       -131.300          51.100      -2.6917480
       -131.300          51.150      -2.6756960
       -131.300          51.200      -1.4218000
       -131.300          51.250      -0.3122100
       -131.300          51.300       0.1722270
       -131.300          51.350       0.2784450
       -131.300          51.400       0.2490670
       -131.300          51.450       0.1915130
       -131.300          51.500       0.1395880
       -131.300          51.550       0.0999810
       -131.300          51.600       0.0714810
       -131.300          51.650       0.0513730
       -131.300          51.700       0.0372320
       -131.300          51.750       0.0272410
       -131.300          51.800       0.0201230
       -131.300          51.850       0.0150010
       -131.300          51.900       0.0112770
       -131.300          51.950       0.0085420
       -131.300          52.000       0.0065120
       -131.250          50.000      -0.0087430
       -131.250          50.050      -0.0101740
       -131.250          50.100      -0.0119080
       -131.250          50.150      -0.0140210
       -131.250          50.200      -0.0166120
       -131.250          50.250      -0.0198040
       -131.250          50.300      -0.0237520
       -131.250          50.350      -0.0286410
       -131.250          50.400      -0.0346860
       -131.250          50.450      -0.0420970
       -131.250          50.500      -0.0509960
       -131.250          50.550      -0.0612080
       -131.250          50.600      -0.0717640
       -131.250          50.650      -0.0798090
       -131.250          50.700      -0.0783210
       -131.250          50.750      -0.0519580
       -131.250          50.800       0.0281460
       -131.250          50.850       0.2011900
       -131.250          50.900       0.4692890
       -131.250          50.950       0.6416870
       -131.250          51.000       0.1338370
       -131.250          51.050      -1.7137800
       -131.250          51.100      -4.0131100
       -131.250          51.150      -3.8107490
       -131.250          51.200      -1.4562660
       -131.250          51.250       0.0637690
       -131.250          51.300       0.4554680
       -131.250          51.350       0.4207170
       -131.250          51.400       0.3075030
       -131.250          51.450       0.2101910
       -131.250          51.500       0.1413960
       -131.250          51.550       0.0954220
       -131.250          51.600       0.0650840
       -131.250          51.650       0.0449770
       -131.250          51.700       0.0314990
       -131.250          51.750       0.0223380
       -131.250          51.800       0.0160200
       -131.250          51.850       0.0116000
       -131.250          51.900       0.0084660
       -131.250          51.950       0.0062160
       -131.250          52.000       0.0045830
       -131.200          50.000      -0.0085360
       -131.200          50.050      -0.0099790
       -131.200          50.100      -0.0117450
       -131.200          50.150      -0.0139240
       -131.200          50.200      -0.0166310
       -131.200          50.250      -0.0200260
       -131.200          50.300      -0.0243140
       -131.200          50.350      -0.0297730
       -131.200          50.400      -0.0367640
       -131.200          50.450      -0.0457500
       -131.200          50.500      -0.0572790
       -131.200          50.550      -0.0718990
       -131.200          50.600      -0.0898410
       -131.200          50.650      -0.1101280
       -131.200          50.700      -0.1282360
       -131.200          50.750      -0.1304910
       -131.200          50.800      -0.0826530
       -131.200          50.850       0.0840770
       -131.200          50.900       0.4477110
       -131.200          50.950       0.8828320
       -131.200          51.000       0.5596460
       -131.200          51.050      -2.0208160
       -131.200          51.100      -6.1991810
       -131.200          51.150      -5.4661340
       -131.200          51.200      -0.9612910
       -131.200          51.250       0.7539080
       -131.200          51.300       0.7850220
       -131.200          51.350       0.5339470
       -131.200          51.400       0.3329180
       -131.200          51.450       0.2053690
       -131.200          51.500       0.1282710
       -131.200          51.550       0.0816600
       -131.200          51.600       0.0530230
       -131.200          51.650       0.0350560
       -131.200          51.700       0.0235390
       -131.200          51.750       0.0160040
       -131.200          51.800       0.0109810
       -131.200          51.850       0.0075770
       -131.200          51.900       0.0052350
       -131.200          51.950       0.0036040
       -131.200          52.000       0.0024560
       -131.150          50.000      -0.0081630
       -131.150          50.050      -0.0095740
       -131.150          50.100      -0.0113130
       -131.150          50.150      -0.0134760
       -131.150          50.200      -0.0161930
       -131.150          50.250      -0.0196440
       -131.150          50.300      -0.0240730
       -131.150          50.350      -0.0298270
       -131.150          50.400      -0.0373880
       -131.150          50.450      -0.0474370
       -131.150          50.500      -0.0609260
       -131.150          50.550      -0.0791500
       -131.150          50.600      -0.1037370
       -131.150          50.650      -0.1362890
       -131.150          50.700      -0.1768510
       -131.150          50.750      -0.2187430
       -131.150          50.800      -0.2335770
       -131.150          50.850      -0.1363790
       -131.150          50.900       0.2489860
       -131.150          50.950       0.9938150
       -131.150          51.000       1.1095080
       -131.150          51.050      -2.1654620
       -131.150          51.100      -9.8604030
       -131.150          51.150      -7.6120210
       -131.150          51.200       0.8408620
       -131.150          51.250       1.6855040
       -131.150          51.300       1.0285360
       -131.150          51.350       0.5572240
       -131.150          51.400       0.3031360
       -131.150          51.450       0.1698450
       -131.150          51.500       0.0982560
       -131.150          51.550       0.0584570
       -131.150          51.600       0.0355540
       -131.150          51.650       0.0219570
       -131.150          51.700       0.0136630
       -131.150          51.750       0.0084870
       -131.150          51.800       0.0051970
       -131.150          51.850       0.0030750
       -131.150          51.900       0.0016930
       -131.150          51.950       0.0007860
       -131.150          52.000       0.0001910
       -131.100          50.000      -0.0076250
       -131.100          50.050      -0.0089570
       -131.100          50.100      -0.0106060
       -131.100          50.150      -0.0126690
       -131.100          50.200      -0.0152800
       -131.100          50.250      -0.0186230
       -131.100          50.300      -0.0229640
       -131.100          50.350      -0.0286800
       -131.100          50.400      -0.0363300
       -131.100          50.450      -0.0467370
       -131.100          50.500      -0.0611520
       -131.100          50.550      -0.0814730
       -131.100          50.600      -0.1105960
       -131.100          50.650      -0.1528110
       -131.100          50.700      -0.2138660
       -131.100          50.750      -0.2988530
       -131.100          50.800      -0.4006510
       -131.100          50.850      -0.4552400
       -131.100          50.900      -0.2223760
       -131.100          50.950       0.7151900
       -131.100          51.000       1.4224080
       -131.100          51.050      -2.5403590
       -131.100          51.100     -15.8705390
       -131.100          51.150      -8.7041450
       -131.100          51.200       4.4742550
       -131.100          51.250       2.2644820
       -131.100          51.300       0.9683610
       -131.100          51.350       0.4333030
       -131.100          51.400       0.2058220
       -131.100          51.450       0.1025040
       -131.100          51.500       0.0525810
       -131.100          51.550       0.0271970
       -131.100          51.600       0.0137700
       -131.100          51.650       0.0064630
       -131.100          51.700       0.0024180
       -131.100          51.750       0.0001690
       -131.100          51.800      -0.0010650
       -131.100          51.850      -0.0017160
       -131.100          51.900      -0.0020270
       -131.100          51.950      -0.0021410
       -131.100          52.000      -0.0021400
       -131.050          50.000      -0.0069290
       -131.050          50.050      -0.0081360
       -131.050          50.100      -0.0096340
       -131.050          50.150      -0.0115120
       -131.050          50.200      -0.0138960
       -131.050          50.250      -0.0169640
       -131.050          50.300      -0.0209700
       -131.050          50.350      -0.0262890
       -131.050          50.400      -0.0334830
       -131.050          50.450      -0.0434140
       -131.050          50.500      -0.0574410
       -131.050          50.550      -0.0777610
       -131.050          50.600      -0.1080240
       -131.050          50.650      -0.1544270
       -131.050          50.700      -0.2276010
       -131.050          50.750      -0.3452470
       -131.050          50.800      -0.5322600
       -131.050          50.850      -0.7958750
       -131.050          50.900      -0.9704710
       -131.050          50.950      -0.2826860
       -131.050          51.000       0.8806320
       -131.050          51.050      -6.5947870
       -131.050          51.100     -30.1012210
       -131.050          51.150      22.3519930
       -131.050          51.200       5.5241770
       -131.050          51.250       1.4723720
       -131.050          51.300       0.4635180
       -131.050          51.350       0.1565870
       -131.050          51.400       0.0506410
       -131.050          51.450       0.0112480
       -131.050          51.500      -0.0037050
       -131.050          51.550      -0.0090390
       -131.050          51.600      -0.0104470
       -131.050          51.650      -0.0102530
       -131.050          51.700      -0.0094490
       -131.050          51.750      -0.0084650
       -131.050          51.800      -0.0074830
       -131.050          51.850      -0.0065770
       -131.050          51.900      -0.0057720
       -131.050          51.950      -0.0050700
       -131.050          52.000      -0.0044610
       -131.000          50.000      -0.0060860
       -131.000          50.050      -0.0071270
       -131.000          50.100      -0.0084150
       -131.000          50.150      -0.0100280
       -131.000          50.200      -0.0120730
       -131.000          50.250      -0.0147030
       -131.000          50.300      -0.0181370
       -131.000          50.350      -0.0227010
       -131.000          50.400      -0.0288900
       -131.000          50.450      -0.0374730
       -131.000          50.500      -0.0496890
       -131.000          50.550      -0.0676020
       -131.000          50.600      -0.0947910
       -131.000          50.650      -0.1377380
       -131.000          50.700      -0.2087550
       -131.000          50.750      -0.3323000
       -131.000          50.800      -0.5583000
       -131.000          50.850      -0.9831000
       -131.000          50.900      -1.7093280
       -131.000          50.950      -2.1410510
       -131.000          51.000      -0.4997560
       -131.000          51.050     -22.6122710
       -131.000          51.100    -135.6347030
       -131.000          51.150      -2.0369400
       -131.000          51.200      -1.2533910
       -131.000          51.250      -0.5534920
       -131.000          51.300      -0.3144980
       -131.000          51.350      -0.1944780
       -131.000          51.400      -0.1274980
       -131.000          51.450      -0.0875410
       -131.000          51.500      -0.0624150
       -131.000          51.550      -0.0459130
       -131.000          51.600      -0.0346740
       -131.000          51.650      -0.0267770
       -131.000          51.700      -0.0210800
       -131.000          51.750      -0.0168740
       -131.000          51.800      -0.0137050
       -131.000          51.850      -0.0112750
       -131.000          51.900      -0.0093830
       -131.000          51.950      -0.0078880
       -131.000          52.000      -0.0066920
       -130.950          50.000      -0.0051160
       -130.950          50.050      -0.0059530
       -130.950          50.100      -0.0069820
       -130.950          50.150      -0.0082600
       -130.950          50.200      -0.0098670
       -130.950          50.250      -0.0119160
       -130.950          50.300      -0.0145680
       -130.950          50.350      -0.0180600
       -130.950          50.400      -0.0227510
       -130.950          50.450      -0.0291930
       -130.950          50.500      -0.0382780
       -130.950          50.550      -0.0514860
       -130.950          50.600      -0.0714050
       -130.950          50.650      -0.1027870
       -130.950          50.700      -0.1549470
       -130.950          50.750      -0.2475520
       -130.950          50.800      -0.4259660
       -130.950          50.850      -0.8054200
       -130.950          50.900      -1.6991230
       -130.950          50.950      -3.7228870
       -130.950          51.000      -2.4577760
       -130.950          51.050     -77.9093940
       -130.950          51.100     -65.2124440
       -130.950          51.150      -3.9596660
       -130.950          51.200      -4.4623250
       -130.950          51.250      -2.0237170
       -130.950          51.300      -0.9432530
       -130.950          51.350      -0.4905210
       -130.950          51.400      -0.2810500
       -130.950          51.450      -0.1738720
       -130.950          51.500      -0.1142320
       -130.950          51.550      -0.0787140
       -130.950          51.600      -0.0563670
       -130.950          51.650      -0.0416580
       -130.950          51.700      -0.0316070
       -130.950          51.750      -0.0245200
       -130.950          51.800      -0.0193860
       -130.950          51.850      -0.0155810
       -130.950          51.900      -0.0127030
       -130.950          51.950      -0.0104880
       -130.950          52.000      -0.0087560
       -130.900          50.000      -0.0040410
       -130.900          50.050      -0.0046450
       -130.900          50.100      -0.0053740
       -130.900          50.150      -0.0062620
       -130.900          50.200      -0.0073540
       -130.900          50.250      -0.0087120
       -130.900          50.300      -0.0104210
       -130.900          50.350      -0.0125990
       -130.900          50.400      -0.0154150
       -130.900          50.450      -0.0191170
       -130.900          50.500      -0.0240710
       -130.900          50.550      -0.0308330
       -130.900          50.600      -0.0402750
       -130.900          50.650      -0.0537830
       -130.900          50.700      -0.0736220
       -130.900          50.750      -0.1035020
       -130.900          50.800      -0.1492800
       -130.900          50.850      -0.2183400
       -130.900          50.900      -0.3101950
       -130.900          50.950      -0.4636230
       -130.900          51.000       3.3050290
       -130.900          51.050    -108.6008430
       -130.900          51.100     -20.1185440
       -130.900          51.150      -1.6282030
       -130.900          51.200      -2.9253610
       -130.900          51.250      -2.0586680
       -130.900          51.300      -1.1395440
       -130.900          51.350      -0.6338810
       -130.900          51.400      -0.3720300
       -130.900          51.450      -0.2312680
       -130.900          51.500      -0.1513230
       -130.900          51.550      -0.1034260
       -130.900          51.600      -0.0733340
       -130.900          51.650      -0.0536340
       -130.900          51.700      -0.0402720
       -130.900          51.750      -0.0309290
       -130.900          51.800      -0.0242200
       -130.900          51.850      -0.0192910
       -130.900          51.900      -0.0155950
       -130.900          51.950      -0.0127740
       -130.900          52.000      -0.0105860
       -130.850          50.000      -0.0028890
       -130.850          50.050      -0.0032390
       -130.850          50.100      -0.0036410
       -130.850          50.150      -0.0041030
       -130.850          50.200      -0.0046310
       -130.850          50.250      -0.0052290
       -130.850          50.300      -0.0058960
       -130.850          50.350      -0.0066170
       -130.850          50.400      -0.0073480
       -130.850          50.450      -0.0079870
       -130.850          50.500      -0.0083000
       -130.850          50.550      -0.0077850
       -130.850          50.600      -0.0053240
       -130.850          50.650       0.0016230
       -130.850          50.700       0.0191210
       -130.850          50.750       0.0626670
       -130.850          50.800       0.1756220
       -130.850          50.850       0.4950530
       -130.850          50.900       1.5339550
       -130.850          50.950       5.8096130
       -130.850          51.000      12.2013690
       -130.850          51.050     -25.9207930
       -130.850          51.100      -5.2379840
       -130.850          51.150       0.3818100
       -130.850          51.200      -0.8953670
       -130.850          51.250      -1.2922220
       -130.850          51.300      -0.9516450
       -130.850          51.350      -0.6111410
       -130.850          51.400      -0.3879150
       -130.850          51.450      -0.2521910
       -130.850          51.500      -0.1694090
       -130.850          51.550      -0.1175960
       -130.850          51.600      -0.0841290
       -130.850          51.650      -0.0618260
       -130.850          51.700      -0.0465230
       -130.850          51.750      -0.0357450
       -130.850          51.800      -0.0279710
       -130.850          51.850      -0.0222450
       -130.850          51.900      -0.0179470
       -130.850          51.950      -0.0146660
       -130.850          52.000      -0.0121230
       -130.800          50.000      -0.0016880
       -130.800          50.050      -0.0017740
       -130.800          50.100      -0.0018380
       -130.800          50.150      -0.0018570
       -130.800          50.200      -0.0018020
       -130.800          50.250      -0.0016170
       -130.800          50.300      -0.0012160
       -130.800          50.350      -0.0004520
       -130.800          50.400       0.0009250
       -130.800          50.450       0.0033530
       -130.800          50.500       0.0076190
       -130.800          50.550       0.0151860
       -130.800          50.600       0.0288790
       -130.800          50.650       0.0544170
       -130.800          50.700       0.1039950
       -130.800          50.750       0.2052410
       -130.800          50.800       0.4248450
       -130.800          50.850       0.9315200
       -130.800          50.900       2.1196910
       -130.800          50.950       3.8578320
       -130.800          51.000      -9.5702480
       -130.800          51.050     -13.0862420
       -130.800          51.100      -1.3085320
       -130.800          51.150       1.3455560
       -130.800          51.200       0.3422320
       -130.800          51.250      -0.4766920
       -130.800          51.300      -0.5947110
       -130.800          51.350      -0.4762760
       -130.800          51.400      -0.3414930
       -130.800          51.450      -0.2391010
       -130.800          51.500      -0.1684570
       -130.800          51.550      -0.1207100
       -130.800          51.600      -0.0882530
       -130.800          51.650      -0.0658430
       -130.800          51.700      -0.0500750
       -130.800          51.750      -0.0387620
       -130.800          51.800      -0.0304910
       -130.800          51.850      -0.0243370
       -130.800          51.900      -0.0196820
       -130.800          51.950      -0.0161090
       -130.800          52.000      -0.0133270
       -130.750          50.000      -0.0004690
       -130.750          50.050      -0.0002930
       -130.750          50.100      -0.0000190
       -130.750          50.150       0.0003970
       -130.750          50.200       0.0010240
       -130.750          50.250       0.0019670
       -130.750          50.300       0.0033900
       -130.750          50.350       0.0055530
       -130.750          50.400       0.0088780
       -130.750          50.450       0.0140670
       -130.750          50.500       0.0223180
       -130.750          50.550       0.0357400
       -130.750          50.600       0.0581650
       -130.750          50.650       0.0967810
       -130.750          50.700       0.1655010
       -130.750          50.750       0.2916970
       -130.750          50.800       0.5274660
       -130.750          50.850       0.9491400
       -130.750          50.900       1.4724310
       -130.750          50.950       0.4013630
       -130.750          51.000      -7.1442790
       -130.750          51.050      -7.8315820
       -130.750          51.100      -1.0700100
       -130.750          51.150       1.2535460
       -130.750          51.200       0.8131990
       -130.750          51.250       0.0730360
       -130.750          51.300      -0.2499320
       -130.750          51.350      -0.3009960
       -130.750          51.400      -0.2589020
       -130.750          51.450      -0.2014760
       -130.750          51.500      -0.1519280
       -130.750          51.550      -0.1140160
       -130.750          51.600      -0.0861240
       -130.750          51.650      -0.0657940
       -130.750          51.700      -0.0509210
       -130.750          51.750      -0.0399380
       -130.750          51.800      -0.0317320
       -130.750          51.850      -0.0255220
       -130.750          51.900      -0.0207620
       -130.750          51.950      -0.0170700
       -130.750          52.000      -0.0141720
       -130.700          50.000       0.0007360
       -130.700          50.050       0.0011650
       -130.700          50.100       0.0017590
       -130.700          50.150       0.0025850
       -130.700          50.200       0.0037410
       -130.700          50.250       0.0053750
       -130.700          50.300       0.0077090
       -130.700          50.350       0.0110850
       -130.700          50.400       0.0160410
       -130.700          50.450       0.0234350
       -130.700          50.500       0.0346710
       -130.700          50.550       0.0520820
       -130.700          50.600       0.0796210
       -130.700          50.650       0.1240180
       -130.700          50.700       0.1965210
       -130.700          50.750       0.3142330
       -130.700          50.800       0.4936930
       -130.700          50.850       0.6986410
       -130.700          50.900       0.5904630
       -130.700          50.950      -1.0899570
       -130.700          51.000      -4.9005050
       -130.700          51.050      -4.9312110
       -130.700          51.100      -1.1906120
       -130.700          51.150       0.7826250
       -130.700          51.200       0.8258650
       -130.700          51.250       0.3403150
       -130.700          51.300      -0.0007650
       -130.700          51.350      -0.1389370
       -130.700          51.400      -0.1663750
       -130.700          51.450      -0.1512360
       -130.700          51.500      -0.1251830
       -130.700          51.550      -0.0999500
       -130.700          51.600      -0.0788650
       -130.700          51.650      -0.0621980
       -130.700          51.700      -0.0493020
       -130.700          51.750      -0.0393820
       -130.700          51.800      -0.0317380
       -130.700          51.850      -0.0258140
       -130.700          51.900      -0.0211880
       -130.700          51.950      -0.0175440
       -130.700          52.000      -0.0146490
       -130.650          50.000       0.0018980
       -130.650          50.050       0.0025610
       -130.650          50.100       0.0034450
       -130.650          50.150       0.0046360
       -130.650          50.200       0.0062540
       -130.650          50.250       0.0084750
       -130.650          50.300       0.0115570
       -130.650          50.350       0.0158870
       -130.650          50.400       0.0220470
       -130.650          50.450       0.0309350
       -130.650          50.500       0.0439340
       -130.650          50.550       0.0631930
       -130.650          50.600       0.0919970
       -130.650          50.650       0.1351380
       -130.650          50.700       0.1985910
       -130.650          50.750       0.2857430
       -130.650          50.800       0.3801610
       -130.650          50.850       0.3850840
       -130.650          50.900      -0.0256340
       -130.650          50.950      -1.4316680
       -130.650          51.000      -3.3706030
       -130.650          51.050      -3.2409510
       -130.650          51.100      -1.1360200
       -130.650          51.150       0.3559840
       -130.650          51.200       0.6525120
       -130.650          51.250       0.4129550
       -130.650          51.300       0.1427580
       -130.650          51.350      -0.0160870
       -130.650          51.400      -0.0825150
       -130.650          51.450      -0.0989650
       -130.650          51.500      -0.0938200
       -130.650          51.550      -0.0814190
       -130.650          51.600      -0.0679890
       -130.650          51.650      -0.0558530
       -130.650          51.700      -0.0456430
       -130.650          51.750      -0.0373220
       -130.650          51.800      -0.0306330
       -130.650          51.850      -0.0252800
       -130.650          51.900      -0.0209940
       -130.650          51.950      -0.0175500
       -130.650          52.000      -0.0147690
       -130.600          50.000       0.0029910
       -130.600          50.050       0.0038590
       -130.600          50.100       0.0049940
       -130.600          50.150       0.0064920
       -130.600          50.200       0.0084860
       -130.600          50.250       0.0111650
       -130.600          50.300       0.0147980
       -130.600          50.350       0.0197740
       -130.600          50.400       0.0266600
       -130.600          50.450       0.0362740
       -130.600          50.500       0.0497940
       -130.600          50.550       0.0688630
       -130.600          50.600       0.0956010
       -130.600          50.650       0.1321800
       -130.600          50.700       0.1788980
       -130.600          50.750       0.2277350
       -130.600          50.800       0.2439830
       -130.600          50.850       0.1246400
       -130.600          50.900      -0.3464900
       -130.600          50.950      -1.3465790
       -130.600          51.000      -2.3626020
       -130.600          51.050      -2.2122250
       -130.600          51.100      -0.9817180
       -130.600          51.150       0.0783270
       -130.600          51.200       0.4491110
       -130.600          51.250       0.3823210
       -130.600          51.300       0.2040000
       -130.600          51.350       0.0629590
       -130.600          51.400      -0.0166830
       -130.600          51.450      -0.0519840
       -130.600          51.500      -0.0625040
       -130.600          51.550      -0.0611840
       -130.600          51.600      -0.0550900
       -130.600          51.650      -0.0476760
       -130.600          51.700      -0.0404740
       -130.600          51.750      -0.0340670
       -130.600          51.800      -0.0285990
       -130.600          51.850      -0.0240280
       -130.600          51.900      -0.0202450
       -130.600          51.950      -0.0171250
       -130.600          52.000      -0.0145530
       -130.550          50.000       0.0039920
       -130.550          50.050       0.0050310
       -130.550          50.100       0.0063690
       -130.550          50.150       0.0081060
       -130.550          50.200       0.0103770
       -130.550          50.250       0.0133690
       -130.550          50.300       0.0173410
       -130.550          50.350       0.0226470
       -130.550          50.400       0.0297790
       -130.550          50.450       0.0393910
       -130.550          50.500       0.0523280
       -130.550          50.550       0.0695560
       -130.550          50.600       0.0918650
       -130.550          50.650       0.1188890
       -130.550          50.700       0.1464380
       -130.550          50.750       0.1599500
       -130.550          50.800       0.1208830
       -130.550          50.850      -0.0521060
       -130.550          50.900      -0.4729680
       -130.550          50.950      -1.1454910
       -130.550          51.000      -1.6951780
       -130.550          51.050      -1.5618370
       -130.550          51.100      -0.8107090
       -130.550          51.150      -0.0742610
       -130.550          51.200       0.2784350
       -130.550          51.250       0.3112540
       -130.550          51.300       0.2128310
       -130.550          51.350       0.1049850
       -130.550          51.400       0.0290110
       -130.550          51.450      -0.0141000
       -130.550          51.500      -0.0344250
       -130.550          51.550      -0.0414630
       -130.550          51.600      -0.0415990
       -130.550          51.650      -0.0385630
       -130.550          51.700      -0.0343510
       -130.550          51.750      -0.0299620
       -130.550          51.800      -0.0258520
       -130.550          51.850      -0.0221950
       -130.550          51.900      -0.0190280
       -130.550          51.950      -0.0163260
       -130.550          52.000      -0.0140380
       -130.500          50.000       0.0048820
       -130.500          50.050       0.0060540
       -130.500          50.100       0.0075430
       -130.500          50.150       0.0094450
       -130.500          50.200       0.0118900
       -130.500          50.250       0.0150490
       -130.500          50.300       0.0191480
       -130.500          50.350       0.0244830
       -130.500          50.400       0.0314270
       -130.500          50.450       0.0404210
       -130.500          50.500       0.0519160
       -130.500          50.550       0.0661770
       -130.500          50.600       0.0827800
       -130.500          50.650       0.0994000
       -130.500          50.700       0.1091890
       -130.500          50.750       0.0956880
       -130.500          50.800       0.0253310
       -130.500          50.850      -0.1557130
       -130.500          50.900      -0.4946630
       -130.500          50.950      -0.9392610
       -130.500          51.000      -1.2452810
       -130.500          51.050      -1.1360060
       -130.500          51.100      -0.6579400
       -130.500          51.150      -0.1467470
       -130.500          51.200       0.1538820
       -130.500          51.250       0.2340860
       -130.500          51.300       0.1937110
       -130.500          51.350       0.1204070
       -130.500          51.400       0.0567410
       -130.500          51.450       0.0136700
       -130.500          51.500      -0.0112940
       -130.500          51.550      -0.0237680
       -130.500          51.600      -0.0286440
       -130.500          51.650      -0.0292930
       -130.500          51.700      -0.0277960
       -130.500          51.750      -0.0253530
       -130.500          51.800      -0.0226180
       -130.500          51.850      -0.0199280
       -130.500          51.900      -0.0174410
       -130.500          51.950      -0.0152180
       -130.500          52.000      -0.0132670
       -130.450          50.000       0.0056470
       -130.450          50.050       0.0069120
       -130.450          50.100       0.0084970
       -130.450          50.150       0.0104910
       -130.450          50.200       0.0130080
       -130.450          50.250       0.0161930
       -130.450          50.300       0.0202280
       -130.450          50.350       0.0253270
       -130.450          50.400       0.0317260
       -130.450          50.450       0.0396360
       -130.450          50.500       0.0491220
       -130.450          50.550       0.0598300
       -130.450          50.600       0.0704080
       -130.450          50.650       0.0773400
       -130.450          50.700       0.0728350
       -130.450          50.750       0.0416830
       -130.450          50.800      -0.0413920
       -130.450          50.850      -0.2072860
       -130.450          50.900      -0.4670960
       -130.450          50.950      -0.7608910
       -130.450          51.000      -0.9352480
       -130.450          51.050      -0.8481290
       -130.450          51.100      -0.5320870
       -130.450          51.150      -0.1737320
       -130.450          51.200       0.0697180
       -130.450          51.250       0.1659160
       -130.450          51.300       0.1629830
       -130.450          51.350       0.1190180
       -130.450          51.400       0.0704580
       -130.450          51.450       0.0320780
       -130.450          51.500       0.0063680
       -130.450          51.550      -0.0089350
       -130.450          51.600      -0.0169940
       -130.450          51.650      -0.0204720
       -130.450          51.700      -0.0212510
       -130.450          51.750      -0.0205500
       -130.450          51.800      -0.0191130
       -130.450          51.850      -0.0173780
       -130.450          51.900      -0.0155880
       -130.450          51.950      -0.0138710
       -130.450          52.000      -0.0122890
       -130.400          50.000       0.0062780
       -130.400          50.050       0.0075970
       -130.400          50.100       0.0092250
       -130.400          50.150       0.0112390
       -130.400          50.200       0.0137340
       -130.400          50.250       0.0168200
       -130.400          50.300       0.0206260
       -130.400          50.350       0.0252770
       -130.400          50.400       0.0308690
       -130.400          50.450       0.0373940
       -130.400          50.500       0.0445830
       -130.400          50.550       0.0516150
       -130.400          50.600       0.0565550
       -130.400          50.650       0.0554040
       -130.400          50.700       0.0406810
       -130.400          50.750      -0.0000460
       -130.400          50.800      -0.0838460
       -130.400          50.850      -0.2257670
       -130.400          50.900      -0.4202140
       -130.400          50.950      -0.6157070
       -130.400          51.000      -0.7167140
       -130.400          51.050      -0.6478060
       -130.400          51.100      -0.4317340
       -130.400          51.150      -0.1767810
       -130.400          51.200       0.0157180
       -130.400          51.250       0.1113020
       -130.400          51.300       0.1300890
       -130.400          51.350       0.1083590
       -130.400          51.400       0.0743020
       -130.400          51.450       0.0427520
       -130.400          51.500       0.0188370
       -130.400          51.550       0.0027540
       -130.400          51.600      -0.0070850
       -130.400          51.650      -0.0125150
       -130.400          51.700      -0.0150570
       -130.400          51.750      -0.0158150
       -130.400          51.800      -0.0155310
       -130.400          51.850      -0.0146840
       -130.400          51.900      -0.0135670
       -130.400          51.950      -0.0123580
       -130.400          52.000      -0.0111560
       -130.350          50.000       0.0067720
       -130.350          50.050       0.0081050
       -130.350          50.100       0.0097270
       -130.350          50.150       0.0116970
       -130.350          50.200       0.0140860
       -130.350          50.250       0.0169700
       -130.350          50.300       0.0204160
       -130.350          50.350       0.0244660
       -130.350          50.400       0.0290840
       -130.350          50.450       0.0340760
       -130.350          50.500       0.0389220
       -130.350          50.550       0.0424970
       -130.350          50.600       0.0426080
       -130.350          50.650       0.0353140
       -130.350          50.700       0.0141530
       -130.350          50.750      -0.0301610
       -130.350          50.800      -0.1080500
       -130.350          50.850      -0.2248600
       -130.350          50.900      -0.3688760
       -130.350          50.950      -0.5002620
       -130.350          51.000      -0.5593060
       -130.350          51.050      -0.5047570
       -130.350          51.100      -0.3526120
       -130.350          51.150      -0.1681830
       -130.350          51.200      -0.0174120
       -130.350          51.250       0.0699300
       -130.350          51.300       0.0997470
       -130.350          51.350       0.0935620
       -130.350          51.400       0.0718210
       -130.350          51.450       0.0475490
       -130.350          51.500       0.0268330
       -130.350          51.550       0.0114050
       -130.350          51.600       0.0009230
       -130.350          51.650      -0.0056620
       -130.350          51.700      -0.0094500
       -130.350          51.750      -0.0113490
       -130.350          51.800      -0.0120310
       -130.350          51.850      -0.0119680
       -130.350          51.900      -0.0114720
       -130.350          51.950      -0.0107460
       -130.350          52.000      -0.0099190
       -130.300          50.000       0.0071280
       -130.300          50.050       0.0084410
       -130.300          50.100       0.0100110
       -130.300          50.150       0.0118820
       -130.300          50.200       0.0140980
       -130.300          50.250       0.0166970
       -130.300          50.300       0.0196920
       -130.300          50.350       0.0230430
       -130.300          50.400       0.0266090
       -130.300          50.450       0.0300520
       -130.300          50.500       0.0326850
       -130.300          50.550       0.0332400
       -130.300          50.600       0.0295150
       -130.300          50.650       0.0179710
       -130.300          50.700      -0.0065610
       -130.300          50.750      -0.0505030
       -130.300          50.800      -0.1194900
       -130.300          50.850      -0.2135130
       -130.300          50.900      -0.3198610
       -130.300          50.950      -0.4091250
       -130.300          51.000      -0.4436250
       -130.300          51.050      -0.4002280
       -130.300          51.100      -0.2902960
       -130.300          51.150      -0.1546090
       -130.300          51.200      -0.0367010
       -130.300          51.250       0.0397070
       -130.300          51.300       0.0738370
       -130.300          51.350       0.0777870
       -130.300          51.400       0.0657150
       -130.300          51.450       0.0482020
       -130.300          51.500       0.0312400
       -130.300          51.550       0.0173540
       -130.300          51.600       0.0070690
       -130.300          51.650      -0.0000110
       -130.300          51.700      -0.0045710
       -130.300          51.750      -0.0072920
       -130.300          51.800      -0.0087370
       -130.300          51.850      -0.0093310
       -130.300          51.900      -0.0093810
       -130.300          51.950      -0.0090970
       -130.300          52.000      -0.0086230
       -130.250          50.000       0.0073510
       -130.250          50.050       0.0086130
       -130.250          50.100       0.0100930
       -130.250          50.150       0.0118200
       -130.250          50.200       0.0138100
       -130.250          50.250       0.0160670
       -130.250          50.300       0.0185520
       -130.250          50.350       0.0211630
       -130.250          50.400       0.0236720
       -130.250          50.450       0.0256460
       -130.250          50.500       0.0263150
       -130.250          50.550       0.0243900
       -130.250          50.600       0.0178360
       -130.250          50.650       0.0036790
       -130.250          50.700      -0.0219590
       -130.250          50.750      -0.0631920
       -130.250          50.800      -0.1224830
       -130.250          50.850      -0.1972190
       -130.250          50.900      -0.2758490
       -130.250          50.950      -0.3371430
       -130.250          51.000      -0.3570290
       -130.250          51.050      -0.3222660
       -130.250          51.100      -0.2410150
       -130.250          51.150      -0.1395400
       -130.250          51.200      -0.0470590
       -130.250          51.250       0.0182070
       -130.250          51.300       0.0527150
       -130.250          51.350       0.0627880
       -130.250          51.400       0.0578790
       -130.250          51.450       0.0461450
       -130.250          51.500       0.0329380
       -130.250          51.550       0.0210460
       -130.250          51.600       0.0115190
       -130.250          51.650       0.0044540
       -130.250          51.700      -0.0004780
       -130.250          51.750      -0.0037290
       -130.250          51.800      -0.0057330
       -130.250          51.850      -0.0068500
       -130.250          51.900      -0.0073590
       -130.250          51.950      -0.0074650
       -130.250          52.000      -0.0073120
       -130.200          50.000       0.0074490
       -130.200          50.050       0.0086320
       -130.200          50.100       0.0099930
       -130.200          50.150       0.0115400
       -130.200          50.200       0.0132690
       -130.200          50.250       0.0151480
       -130.200          50.300       0.0171000
       -130.200          50.350       0.0189700
       -130.200          50.400       0.0204750
       -130.200          50.450       0.0211290
       -130.200          50.500       0.0201430
       -130.200          50.550       0.0163010
       -130.200          50.600       0.0078290
       -130.200          50.650      -0.0076370
       -130.200          50.700      -0.0328430
       -130.200          50.750      -0.0701850
       -130.200          50.800      -0.1201740
       -130.200          50.850      -0.1791900
       -130.200          50.900      -0.2375390
       -130.200          50.950      -0.2800400
       -130.200          51.000      -0.2911100
       -130.200          51.050      -0.2630480
       -130.200          51.100      -0.2017860
       -130.200          51.150      -0.1247110
       -130.200          51.200      -0.0517740
       -130.200          51.250       0.0032560
       -130.200          51.300       0.0360130
       -130.200          51.350       0.0494070
       -130.200          51.400       0.0495420
       -130.200          51.450       0.0424780
       -130.200          51.500       0.0327090
       -130.200          51.550       0.0229470
       -130.200          51.600       0.0145070
       -130.200          51.650       0.0078170
       -130.200          51.700       0.0028320
       -130.200          51.750      -0.0006970
       -130.200          51.800      -0.0030730
       -130.200          51.850      -0.0045810
       -130.200          51.900      -0.0054590
       -130.200          51.950      -0.0058920
       -130.200          52.000      -0.0060210
       -130.150          50.000       0.0074310
       -130.150          50.050       0.0085160
       -130.150          50.100       0.0097340
       -130.150          50.150       0.0110780
       -130.150          50.200       0.0125220
       -130.150          50.250       0.0140100
       -130.150          50.300       0.0154310
       -130.150          50.350       0.0165950
       -130.150          50.400       0.0171860
       -130.150          50.450       0.0167060
       -130.150          50.500       0.0143950
       -130.150          50.550       0.0091640
       -130.150          50.600      -0.0004590
       -130.150          50.650      -0.0162660
       -130.150          50.700      -0.0400840
       -130.150          50.750      -0.0731060
       -130.150          50.800      -0.1147410
       -130.150          50.850      -0.1612160
       -130.150          50.900      -0.2047290
       -130.150          50.950      -0.2344510
       -130.150          51.000      -0.2401600
       -130.150          51.050      -0.2173260
       -130.150          51.100      -0.1703130
       -130.150          51.150      -0.1109210
       -130.150          51.200      -0.0530020
       -130.150          51.250      -0.0069010
       -130.150          51.300       0.0230900
       -130.150          51.350       0.0379390
       -130.150          51.400       0.0414490
       -130.150          51.450       0.0379930
       -130.150          51.500       0.0311920
       -130.150          51.550       0.0234950
       -130.150          51.600       0.0162910
       -130.150          51.650       0.0102070
       -130.150          51.700       0.0054050
       -130.150          51.750       0.0018030
       -130.150          51.800      -0.0007830
       -130.150          51.850      -0.0025580
       -130.150          51.900      -0.0037140
       -130.150          51.950      -0.0044120
       -130.150          52.000      -0.0047800
       -130.100          50.000       0.0073090
       -130.100          50.050       0.0082790
       -130.100          50.100       0.0093390
       -130.100          50.150       0.0104660
       -130.100          50.200       0.0116180
       -130.100          50.250       0.0127160
       -130.100          50.300       0.0136300
       -130.100          50.350       0.0141470
       -130.100          50.400       0.0139410
       -130.100          50.450       0.0125250
       -130.100          50.500       0.0092080
       -130.100          50.550       0.0030510
       -130.100          50.600      -0.0071150
       -130.100          50.650      -0.0225870
       -130.100          50.700      -0.0444920
       -130.100          50.750      -0.0732240
       -130.100          50.800      -0.1076380
       -130.100          50.850      -0.1442270
       -130.100          50.900      -0.1768570
       -130.100          50.950      -0.1977880
       -130.100          51.000      -0.2002320
       -130.100          51.050      -0.1815050
       -130.100          51.100      -0.1448570
       -130.100          51.150      -0.0984730
       -130.100          51.200      -0.0521320
       -130.100          51.250      -0.0136070
       -130.100          51.300       0.0132570
       -130.100          51.350       0.0283710
       -130.100          51.400       0.0340030
       -130.100          51.450       0.0332320
       -130.100          51.500       0.0288830
       -130.100          51.550       0.0230660
       -130.100          51.600       0.0171220
       -130.100          51.650       0.0117710
       -130.100          51.700       0.0073130
       -130.100          51.750       0.0037960
       -130.100          51.800       0.0011370
       -130.100          51.850      -0.0007970
       -130.100          51.900      -0.0021480
       -130.100          51.950      -0.0030490
       -130.100          52.000      -0.0036110
       -130.050          50.000       0.0070970
       -130.050          50.050       0.0079420
       -130.050          50.100       0.0088340
       -130.050          50.150       0.0097390
       -130.050          50.200       0.0106010
       -130.050          50.250       0.0113270
       -130.050          50.300       0.0117720
       -130.050          50.350       0.0117160
       -130.050          50.400       0.0108380
       -130.050          50.450       0.0086850
       -130.050          50.500       0.0046480
       -130.050          50.550      -0.0020480
       -130.050          50.600      -0.0123010
       -130.050          50.650      -0.0270020
       -130.050          50.700      -0.0467630
       -130.050          50.750      -0.0714860
       -130.050          50.800      -0.0998070
       -130.050          50.850      -0.1286520
       -130.050          50.900      -0.1532590
       -130.050          50.950      -0.1680790
       -130.050          51.000      -0.1685440
       -130.050          51.050      -0.1530680
       -130.050          51.100      -0.1240960
       -130.050          51.150      -0.0874230
       -130.050          51.200      -0.0500560
       -130.050          51.250      -0.0178570
       -130.050          51.300       0.0058810
       -130.050          51.350       0.0205420
       -130.050          51.400       0.0273900
       -130.050          51.450       0.0285420
       -130.050          51.500       0.0261510
       -130.050          51.550       0.0219720
       -130.050          51.600       0.0172280
       -130.050          51.650       0.0126590
       -130.050          51.700       0.0086440
       -130.050          51.750       0.0053240
       -130.050          51.800       0.0027000
       -130.050          51.850       0.0007000
       -130.050          51.900      -0.0007730
       -130.050          51.950      -0.0018200
       -130.050          52.000      -0.0025320
       -130.000          50.000       0.0068080
       -130.000          50.050       0.0075220
       -130.000          50.100       0.0082430
       -130.000          50.150       0.0089290
       -130.000          50.200       0.0095120
       -130.000          50.250       0.0098920
       -130.000          50.300       0.0099170
       -130.000          50.350       0.0093700
       -130.000          50.400       0.0079460
       -130.000          50.450       0.0052410
       -130.000          50.500       0.0007320
       -130.000          50.550      -0.0061980
       -130.000          50.600      -0.0162120
       -130.000          50.650      -0.0298840
       -130.000          50.700      -0.0474700
       -130.000          50.750      -0.0685820
       -130.000          50.800      -0.0918370
       -130.000          50.850      -0.1146300
       -130.000          50.900      -0.1332920
       -130.000          50.950      -0.1438190
       -130.000          51.000      -0.1431060
       -130.000          51.050      -0.1302230
       -130.000          51.100      -0.1070300
       -130.000          51.150      -0.0777020
       -130.000          51.200      -0.0473370
       -130.000          51.250      -0.0203790
       -130.000          51.300       0.0004250
       -130.000          51.350       0.0142290
       -130.000          51.400       0.0216580
       -130.000          51.450       0.0241310
       -130.000          51.500       0.0232560
       -130.000          51.550       0.0204570
       -130.000          51.600       0.0168040
       -130.000          51.650       0.0130100
       -130.000          51.700       0.0094890
       -130.000          51.750       0.0064420
       -130.000          51.800       0.0039310
       -130.000          51.850       0.0019390
       -130.000          51.900       0.0004090
       -130.000          51.950      -0.0007310
       -130.000          52.000      -0.0015530
