-127.042 49.583 20 254 40 332 5.6 X Y 9401030126
-129.350 49.102 6 131 82 157 5.7 X Y 9402120704
-130.190 50.302 10 324 84 211 4.6 X Y 9404122114
-129.145 48.677 8 134 63 168 4.8 X Y 9404270030
-130.065 50.472 10 136 86 165 4.8 X Y 9407150502
-130.430 50.398 12 140 86 166 5.1 X Y 9408211305
-130.286 50.515 12 141 84 166 4.3 X Y 9411021352
-125.535 49.180 60 301 65 130 4.2 X Y 9411200122
-130.737 51.045 4 335 63 187 4.7 X Y 9501090650
-130.096 49.971 15 142 85 157 4.4 X Y 9501160701
-130.120 50.026 6 148 62 168 4.5 X Y 9501170813
-130.188 50.004 6 151 58 174 5.1 X Y 9501171442
-129.965 50.503 12 139 84 167 4.8 X Y 9503081630
-130.219 50.457 12 132 87 169 4.4 X Y 9504230929
-130.683 50.931 12 146 79 168 5.2 X Y 9505310338
-130.747 50.919 6 158 61 193 5.4 X Y 9506212024
-131.200 51.143 9 333 86 216 5.2 X Y 9509122244
-130.900 51.312 9 148 90 155 5.3 X Y 9509130759
-131.034 51.092 9 148 87 151 4.8 X Y 9509131119
-128.601 48.850 9 310 79 214 4.4 X Y 9510150129
-130.456 50.617 12 146 83 165 4.4 X Y 9510311940
-129.179 48.838 9 130 67 166 4.8 X Y 9511121305
-130.038 50.363 9 135 77 156 4.4 X Y 9512010329
-130.242 49.473 6 134 84 169 5.2 X Y 9601031312
-129.276 48.945 6 135 80 161 4.6 X Y 9601281130
-130.436 50.573 12 143 85 169 4.7 X Y 9603102112
-129.880 50.690 12 324 86 194 5.2 X Y 9603162318
-127.103 49.791 15 246 61 343 5.0 X Y 9603180801
-128.233 48.983 9 215 62 0 4.4 X Y 9604231516
-130.645 51.097 4 155 88 170 5.1 X Y 9608160341
-130.670 51.150 4 158 83 176 4.7 X Y 9608160954
-130.277 50.512 9 323 73 192 4.0 X Y 9608202241
-129.261 47.727 9 10 62 270 4.8 X Y 9608230913
-128.833 49.011 6 115 75 188 4.2 X Y 9609092228
-128.208 48.965 4 41 86 335 6.2 X Y 9610062013
-128.144 48.863 4 42 88 337 4.8 X Y 9610062029
-128.250 48.792 4 227 80 12 4.8 X Y 9610062043
-128.157 48.815 4 246 80 25 4.5 X Y 9610070204
-128.324 48.831 4 23 88 341 4.5 X Y 9610070737
-128.259 48.944 4 57 90 347 4.4 X Y 9610071018
-128.113 48.920 6 189 68 349 4.8 X Y 9610071836
-129.977 49.581 6 147 75 153 5.8 X Y 9610090712
-129.920 49.546 9 128 73 168 4.3 X Y 9610090952
-128.164 48.899 6 29 86 342 4.3 X Y 9610131133
-128.203 48.841 4 31 83 332 4.5 X Y 9610142304
-130.213 50.454 9 323 69 199 4.4 X Y 9611060655
-128.786 49.579 6 316 88 203 4.4 X Y 9611210124
-128.813 49.583 6 304 79 204 4.1 X Y 9611210130
-131.715 51.867 15 157 79 159 4.5 X Y 9612241240
-131.432 51.615 6 159 87 184 5.0 X Y 9702051927
-131.474 51.543 6 159 87 182 5.3 X Y 9702051929
-130.226 50.475 9 324 77 189 4.4 X Y 9703290545
-130.221 50.485 6 322 84 207 4.3 X Y 9703300650
-131.224 51.388 9 330 82 197 4.7 X Y 9704132025
-127.881 49.231 6 20 75 334 4.3 X Y 9707100649
-129.196 48.848 12 114 65 177 4.6 X Y 9708160623
-130.298 50.892 4 56 76 282 5.3 X Y 9709200439
-130.523 50.754 4 61 79 284 5.4 X Y 9709200709
-129.022 48.057 4 120 87 232 4.5 X Y 9710041515
-130.169 50.412 9 320 82 203 4.6 X Y 9710210810
-130.342 50.447 9 141 89 164 4.6 X Y 9712200422
-130.287 50.499 9 323 79 197 4.4 X Y 9802081911
-130.505 50.845 4 156 66 199 4.4 X Y 9802140545
-130.511 50.855 4 154 51 179 4.4 X Y 9802140619
-129.858 49.543 12 131 80 160 4.6 X Y 9802181846
-129.032 48.892 9 122 83 170 4.5 X Y 9806122024
-130.269 50.085 9 144 81 160 5.4 X Y 9806252251
-127.160 49.630 24 250 66 337 4.0 X Y 9806271020
-130.328 50.548 9 146 83 199 4.0 X Y 9807100305
-129.144 48.728 6 127 74 175 4.7 X Y 9807140105
-129.009 48.773 6 128 59 179 4.0 X Y 9807140149
-129.015 48.773 6 127 75 169 4.4 X Y 9807140227
-129.285 47.821 6 5 57 261 4.7 X Y 9807150030
-130.782 51.362 6 158 71 177 4.6 X Y 9807310740
-130.798 51.341 6 153 79 178 4.0 X Y 9807310818
-131.664 52.126 15 312 37 110 4.4 X Y 9808060243
-129.223 48.789 12 116 70 172 4.6 X Y 9808061811
-129.349 48.885 9 119 68 173 4.8 X Y 9808061817
-130.245 50.009 9 144 61 170 4.2 X Y 9808161925
-130.338 50.386 9 321 79 191 4.9 X Y 9808190439
-130.658 50.969 4 160 50 181 6.2 X Y 9808301133
-130.710 50.901 9 327 84 180 4.2 X Y 9809010743
-127.775 49.143 6 49 78 323 4.4 X Y 9809010919
-130.584 50.732 6 156 63 189 4.6 X Y 9809011812