-130.79 51.012 6.0 27.09 61.81 -88.9 46.25 0.78 40.39 20 X Y 19950109065012
-130.246 50.485 12.0 -4.39 99.34 -94.95 -3.72 -21.17 9.27 20 X Y 19950308162958
-130.196 50.453 9.0 -4.27 95.38 -91.11 -18.86 -23.75 -19.28 20 X Y 19950423092949
-130.676 50.954 12.0 -1.99 94.27 -92.28 9.27 -14.16 31.79 20 X Y 19950531033801
-131.225 51.209 15.0 -7.68 95.67 -87.99 -2.53 -27.94 27.13 20 X Y 19950912224423
-131.135 51.107 12.0 -8.55 96.75 -88.2 0.25 -28.34 24.29 20 X Y 19950913075905
-131.082 51.104 9.0 -0.46 99.27 -98.81 3.49 -7.24 11.21 20 X Y 19950913111931
-128.571 48.849 9.0 -5.24 60.86 -55.62 3.66 -32.71 -74.19 20 X Y 19951015012919
-129.18 48.838 9.0 -11.55 94.46 -82.91 2.75 -33.65 -29.93 20 X Y 19951112130459
-129.973 50.353 9.0 -1.51 98.1 -96.58 -13.56 -17.22 -6.56 20 X Y 19951201032923
-130.436 50.573 12.0 -9.08 96.9 -87.82 -3.82 -30.14 22.03 20 X Y 19960310211216
-130.331 50.471 12.0 -2.94 93.88 -90.94 -18.87 -28.54 16.83 20 X Y 19960316231837
-127.306 49.689 24.0 -1.51 61.54 -60.03 -5.7 -24.57 75.28 20 X Y 19960318080158
-128.63 48.77 9.0 145.0 -512.0 367.0 121.0 250.0 34.0 20 X Y 19960329091053
-128.223 48.983 9.0 -22.5 95.11 -72.61 -21.27 -41.2 -20.93 20 X Y 19960423151611
-128.98 48.79 9.0 50.0 -257.0 207.0 34.0 -32.0 143.0 20 X Y 19960512213750
-128.54 48.63 9.0 53.0 -194.0 140.0 68.0 -57.0 -146.0 20 X Y 19960525125117
-130.748 51.062 9.0 -3.49 78.31 -74.81 38.2 -25.22 45.1 20 X Y 19960816034109
-130.671 51.138 9.0 -0.27 59.44 -59.17 50.75 -21.33 58.76 20 X Y 19960816095439
-130.274 50.508 9.0 5.4 91.03 -96.43 -26.75 -18.78 11.13 20 X Y 19960820224107
-129.348 47.506 6.0 77.27 0.17 -77.43 40.69 42.26 -23.98 20 X Y 19960823091340
-128.833 49.011 9.0 -15.34 97.28 -81.94 4.03 -37.31 -19.64 20 X Y 19960909222809
-128.408 48.804 6.0 8.29 90.94 -99.23 28.15 -8.5 -6.51 20 X Y 19961006201305
-128.167 48.848 12.0 -11.3 96.78 -85.48 -4.04 -33.13 22.05 20 X Y 19961006202908
-128.25 48.792 9.0 -13.21 96.0 -82.79 21.26 -36.85 8.26 20 X Y 19961006204317
-128.157 48.815 9.0 2.19 78.08 -80.28 17.35 -1.38 58.51 20 X Y 19961007020415
-128.324 48.831 9.0 0.39 82.84 -83.22 -6.14 1.22 -55.38 20 X Y 19961007073721
-128.259 48.944 6.0 -11.18 87.16 -75.98 6.51 -30.93 47.47 20 X Y 19961007101854
-128.113 48.92 9.0 5.08 39.0 -44.08 14.5 -23.55 -86.55 20 X Y 19961007183605
-129.962 49.492 9.0 -11.25 87.5 -76.25 7.68 -30.66 46.94 20 X Y 19961009071224
-129.92 49.546 6.0 27.56 60.13 -87.69 47.28 39.59 12.84 20 X Y 19961009095201
-128.163 48.899 6.0 33.75 45.15 -78.89 41.14 -50.01 -33.26 20 X Y 19961013113323
-128.203 48.841 6.0 7.46 58.62 -66.07 31.05 -54.69 -46.0 20 X Y 19961014230332
-129.8 49.51 12.0 520.0 -2140.0 1620.0 210.0 1070.0 925.0 20 X Y 19961104173857
-130.213 50.454 12.0 1.78 96.48 -98.26 -18.6 -12.93 -2.03 20 X Y 19961106065546
-128.795 49.586 9.0 -34.69 97.72 -63.03 -16.11 -48.74 1.33 20 X Y 19961121012433
-128.816 49.588 9.0 0.8 91.25 -92.05 -26.11 -18.81 -23.75 20 X Y 19961121013042
-129.97 49.66 12.0 377.0 -973.0 596.0 207.0 112.0 -450.0 20 X Y 19961202215424
-131.62 51.895 15.0 -45.21 71.59 -26.38 15.93 -47.59 59.57 20 X Y 19961224124036
-131.439 51.549 9.0 -12.58 71.24 -58.65 17.25 -28.96 67.28 20 X Y 19970205192722
-131.377 51.529 9.0 -10.7 54.52 -43.82 8.97 -31.21 80.26 20 X Y 19970205192903
-130.226 50.475 9.0 -2.17 98.95 -96.79 -9.53 -17.66 3.87 20 X Y 19970329054542
-130.221 50.485 9.0 -10.47 95.77 -85.3 -21.41 -33.97 -10.47 20 X Y 19970330065040
-131.2 51.348 12.0 -6.82 91.82 -85.0 13.04 -24.16 37.34 20 X Y 19970413202557
-127.881 49.231 6.0 49.74 28.01 -77.76 59.87 31.7 -27.54 20 X Y 19970710064927
-129.196 48.848 6.0 8.2 76.85 -85.04 29.67 -32.97 -37.81 20 X Y 19970816062335
-130.588 50.761 12.0 -13.06 38.35 -25.29 -3.83 -55.96 75.59 20 X Y 19970920043953
-130.571 50.779 12.0 -17.1 31.24 -14.14 8.81 -45.14 84.56 20 X Y 19970920070957
-128.477 47.932 6.0 73.48 17.98 -91.46 39.11 -23.7 -29.4 20 X Y 19971004151557
-130.169 50.411 6.0 -12.7 99.05 -86.34 -9.46 -33.64 -8.08 20 X Y 19971021081029
-130.342 50.447 12.0 -13.43 99.96 -86.53 -2.18 -34.14 -0.28 20 X Y 19971220042234
-130.287 50.499 9.0 34.88 55.79 -90.67 -48.12 -35.47 12.31 20 X Y 19980208191157
-130.505 50.845 9.0 5.84 60.19 -66.03 56.58 -25.98 45.99 20 X Y 19980214054526
-130.511 50.855 9.0 -17.97 72.62 -54.64 15.51 -35.14 65.07 20 X Y 19980214061906
-129.858 49.543 9.0 -9.07 93.62 -84.55 -26.04 -36.23 -3.37 20 X Y 19980218184654
-129.02 48.69 9.0 27.1 -223.0 196.0 27.4 -60.7 26.3 20 X Y 19980430112234
-129.02 48.71 9.0 35.8 -204.0 168.0 37.3 -36.2 -30.9 20 X Y 19980430113507
-128.65 48.71 3.0 -57.7 -0.453 58.1 19.3 -118.0 26.2 20 X Y 19980531110226
-129.032 48.892 12.0 -10.8 77.53 -66.73 25.86 -52.32 -36.1 20 X Y 19980612202435
-130.236 49.994 12.0 -3.98 91.53 -87.55 16.93 -20.25 35.69 20 X Y 19980625225154
-130.328 50.548 9.0 0.56 94.05 -94.61 -20.57 -22.4 13.27 20 X Y 19980710030528
-129.144 48.728 9.0 -1.38 97.61 -96.22 13.48 -18.88 -8.24 20 X Y 19980714010535
-129.009 48.773 9.0 -1.46 92.24 -90.78 -4.51 15.13 -37.08 20 X Y 19980714014949
-129.015 48.773 9.0 -10.67 67.28 -56.6 36.32 -62.16 -29.92 20 X Y 19980714022705
-129.195 47.519 6.0 83.91 13.78 -97.69 36.96 -11.49 10.71 20 X Y 19980715003016
-130.782 51.362 9.0 -1.66 51.19 -49.52 58.21 -21.97 59.92 20 X Y 19980731074028
-130.798 51.341 12.0 -2.89 77.81 -74.91 37.82 -24.17 46.35 20 X Y 19980731081801
-131.644 52.126 12.0 -98.98 73.23 25.75 -11.5 -8.33 43.44 20 X Y 19980806024338
-129.223 48.879 9.0 -23.77 63.97 -40.2 30.88 -67.12 -37.48 20 X Y 19980806181118
-129.349 48.884 9.0 -11.36 73.41 -62.04 19.49 -51.78 -47.5 20 X Y 19980806181723
-130.245 50.009 12.0 -18.01 81.77 -63.76 10.34 -37.09 54.58 20 X Y 19980816192520
-130.338 50.386 12.0 -6.2 99.08 -92.88 -9.44 -25.83 1.48 20 X Y 19980819043907
-130.663 50.905 9.0 7.23 55.9 -63.12 27.24 5.12 75.17 20 X Y 19980830113333
-130.71 50.901 9.0 -8.8 96.36 -87.57 19.53 -31.51 10.48 20 X Y 19980901074301
-127.775 49.143 9.0 20.62 72.72 -93.35 45.94 -15.83 20.62 20 X Y 19980901091942
-130.583 50.732 12.0 -18.65 75.76 -57.12 38.18 -33.05 52.68 20 X Y 19980901181249
-130.253 49.957 9.0 4.5 65.65 -70.15 51.54 -24.58 45.97 20 X Y 19980919142528
-129.132 48.899 3.0 3.87 77.12 -80.99 41.17 -44.05 -10.19 20 X Y 19980930111522
-128.752 48.484 9.0 122.0 -393.0 271.0 69.0 -55.0 -38.0 20 X Y 19990101110103
-130.261 50.49 12.0 -2.75 97.27 -94.52 5.95 -16.25 22.34 20 X Y 19990417113305
-130.283 50.504 12.0 0.42 97.83 -98.26 -11.27 -10.73 12.04 20 X Y 19990417122140
-128.915 47.888 12.0 90.04 -43.95 -46.09 13.57 -38.13 47.75 20 X Y 19990608201429
-129.044 47.753 9.0 95.49 -4.9 -90.59 -19.19 18.15 25.05 20 X Y 19990609004903
-128.801 47.938 9.0 2.61 91.28 -93.89 -23.36 -22.93 18.73 20 X Y 19990609190819
-128.954 47.721 9.0 -0.06 80.97 -80.91 -3.48 7.57 -58.14 20 X Y 19990619092943
-128.944 47.417 9.0 -15.04 81.9 -66.86 -10.1 44.81 -46.78 20 X Y 19990621072607
-129.288 48.834 6.0 3.57 30.15 -33.72 21.72 -76.1 -52.03 20 X Y 19990628102118
-129.433 49.23 9.0 -41.06 99.75 -58.69 -5.67 -49.28 -0.06 20 X Y 19990702114529
-129.41 49.427 6.0 -17.08 95.09 -78.01 14.86 -42.27 -16.81 20 X Y 19990705033458
-129.055 47.29 6.0 20.62 10.82 -31.44 83.31 -39.35 27.31 20 X Y 19990706053016
-129.013 47.654 6.0 34.21 58.44 -92.65 -50.43 29.54 -0.21 20 X Y 19990717200739
-130.556 50.711 9.0 -0.53 99.62 -99.09 -4.49 -8.25 -6.36 20 X Y 19990722120742
-129.118 48.226 3.0 89.73 0.36 -90.09 -7.35 -43.12 -1.69 20 X Y 19990814171625
-130.367 50.535 9.0 1.35 92.96 -94.31 -19.07 -20.32 21.33 20 X Y 19991007120303
-129.65 48.777 9.0 -13.57 79.37 -65.81 -33.3 30.75 50.38 20 X Y 19991010025246
-129.632 48.739 9.0 0.8 94.66 -95.46 -13.48 -6.88 -27.09 20 X Y 19991010133624
-130.214 50.467 9.0 -0.05 91.21 -91.16 -29.0 -29.05 -0.06 20 X Y 19991014082925
-129.77 49.026 3.0 -332.0 -515.0 848.0 -431.0 298.0 -17.0 20 X Y 19991026013633
-131.061 51.343 9.0 7.41 77.92 -85.33 33.7 -8.59 45.67 20 X Y 19991212163759
-130.327 50.476 12.0 0.13 97.16 -97.3 -16.81 -15.78 -3.84 20 X Y 20000103122640
-130.367 50.551 12.0 -4.84 93.8 -88.96 -9.05 -26.47 29.14 20 X Y 20000118065607
-131.844 52.249 15.0 -60.6 31.98 28.62 59.08 -9.01 60.59 20 X Y 20000123055358
-128.856 47.511 3.0 74.19 18.86 -93.05 45.42 -18.64 18.16 20 X Y 20000208232704
-128.592 48.913 9.0 -36.32 9.15 27.17 -12.7 -89.73 26.77 20 X Y 20000218105406
-130.055 49.188 3.0 1.33 75.24 -76.56 -10.56 4.46 -64.08 20 X Y 20000221223550
-129.131 48.826 9.0 -0.63 96.72 -96.09 -0.24 -7.97 -25.35 20 X Y 20000317210750
-127.729 49.433 15.0 -0.21 82.11 -81.9 -5.11 4.44 56.82 20 X Y 20000325162959
-128.8 48.79 12.0 3.43 -322.0 319.0 52.1 -83.6 308.0 20 X Y 20000327152105
-130.358 50.553 9.0 -1.44 91.18 -89.74 -25.61 -31.64 12.58 20 X Y 20000401022835
-130.285 49.186 6.0 1.39 70.39 -71.78 -44.72 22.21 49.52 20 X Y 20000406152817
-130.615 50.846 6.0 -13.45 60.79 -47.35 10.74 -33.23 75.64 20 X Y 20000430015829
-130.648 50.783 6.0 -34.69 64.17 -29.49 7.25 -50.95 65.24 20 X Y 20000430054925
-130.649 50.831 6.0 4.18 52.8 -56.99 30.63 -3.18 77.62 20 X Y 20000430082925
-130.61 50.98 9.0 31.39 32.97 -64.37 55.5 -1.75 61.71 20 X Y 20000430101300
-130.22 50.99 12.0 4.73 49.71 -54.44 32.41 -2.86 78.82 20 X Y 20000430105406
-130.528 50.62 9.0 5.6 86.14 -91.74 28.65 -8.97 34.14 20 X Y 20000501111014
-131.841 52.583 15.0 -96.3 59.62 36.68 11.07 22.27 47.91 20 X Y 20000508230934
-130.18 49.947 12.0 1.09 89.43 -90.53 -28.89 -30.92 10.59 20 X Y 20000514200116
-130.213 49.997 9.0 14.32 48.96 -63.28 51.51 -9.65 62.85 20 X Y 20000515051253
-130.141 49.989 12.0 -7.14 96.33 -89.2 -6.79 -25.24 -25.95 20 X Y 20000515055813
-130.171 50.051 9.0 10.01 61.64 -71.65 -26.94 -39.5 56.55 20 X Y 20000515070600
-130.325 49.938 9.0 -3.85 72.71 -68.86 16.88 -16.29 66.55 20 X Y 20000515071142
-130.214 50.032 9.0 21.15 69.94 -91.1 40.29 7.12 38.82 20 X Y 20000515074939
-130.432 50.07 15.0 2.07 94.3 -96.37 21.94 -19.02 -8.04 20 X Y 20000609212514
-130.419 50.527 12.0 -5.9 93.9 -88.0 -2.93 -25.38 32.4 20 X Y 20000610150443
-128.427 49.427 3.0 58.19 24.55 -82.74 -49.61 7.97 -45.37 20 X Y 20000622141526
-127.335 49.668 3.0 -2.131 -0.837 2.967 1.402 -7.196 6.263 20 X Y 20000919054904
-130.492 50.499 12.0 -0.28 93.26 -92.98 15.43 -12.0 30.77 20 X Y 20000927034545
-130.182 50.428 9.0 -1.19 98.13 -96.94 -7.81 -14.57 14.57 20 X Y 20001019092927
-130.973 51.336 9.0 -16.67 67.96 -51.29 -37.04 29.25 63.32 20 X Y 20001022095300
-130.471 50.772 12.0 -7.94 77.67 -69.73 26.14 -24.02 57.11 20 X Y 20001119203844
-130.488 50.755 12.0 -4.74 73.5 -68.76 3.13 -22.23 66.48 20 X Y 20001119221430
-130.416 50.823 12.0 26.95 61.28 -88.24 50.97 -12.89 33.19 20 X Y 20001120051513
-130.365 50.564 9.0 5.58 79.37 -84.95 -24.58 -28.08 42.82 20 X Y 20001120140446
-130.708 51.057 6.0 6.99 61.12 -68.11 -32.78 -54.44 41.84 20 X Y 20001125164009
-130.663 51.071 9.0 -10.33 62.18 -51.85 30.14 -23.18 72.28 20 X Y 20001127114612
-130.739 51.034 6.0 -5.92 93.35 -87.43 22.33 -26.67 24.37 20 X Y 20001127142134
-130.562 50.659 9.0 -39.0 -108.0 148.0 -16.0 58.0 -20.0 20 X Y 20001204194918
-128.59 48.7 9.0 -1.79 -207.0 209.0 26.9 -32.7 51.8 20 X Y 20001205161305
-127.791 49.4 3.0 25.26 42.61 -67.86 62.94 -21.87 45.08 20 X Y 20001208031704
-129.305 48.899 9.0 -15.27 92.68 -77.41 -3.21 -36.2 -35.66 20 X Y 20010111000403
-129.264 48.912 9.0 -0.764 6.967 -6.203 -3.709 -2.38 -6.064 20 X Y 20010111001430
-129.253 48.999 3.0 33.49 60.07 -93.56 -44.85 -20.85 28.5 20 X Y 20010113110236
-130.362 50.494 9.0 -33.62 44.91 -11.29 46.4 -27.72 73.77 20 X Y 20010120001423
-128.787 49.334 15.0 -37.42 77.06 -39.64 -9.18 -48.77 -55.52 20 X Y 20010123093925
-129.099 49.174 9.0 -7.67 86.84 -79.17 -12.21 -24.75 -48.0 20 X Y 20010123144312
-128.88 49.42 15.0 -1230.0 -1840.0 3080.0 691.0 1110.0 5270.0 20 X Y 20010123145412
-129.285 49.101 6.0 0.65 85.53 -86.18 -37.24 35.03 3.75 20 X Y 20010123151525
-129.042 49.215 9.0 -406.0 -1190.0 1590.0 -192.0 -256.0 7.0 20 X Y 20010123170325
-130.387 50.55 12.0 6.25 88.91 -95.16 -28.23 -21.32 15.78 20 X Y 20010206012145
-130.28 50.524 12.0 34.0 -607.0 573.0 86.0 82.0 -128.0 20 X Y 20010212224058
-130.213 50.402 12.0 -1.84 97.34 -95.5 -16.43 -20.22 -4.72 20 X Y 20010321075105
-130.404 50.475 12.0 -410.0 -7810.0 8220.0 -641.0 3480.0 -1750.0 20 X Y 20010410093606
-130.355 50.541 9.0 -8.87 98.32 -89.45 -1.42 -28.9 17.02 20 X Y 20010419014256
-130.145 49.911 9.0 -18.45 99.5 -81.06 6.74 -38.8 6.56 20 X Y 20010501231310
-130.109 49.974 9.0 -16.68 94.05 -77.37 -21.1 -43.42 10.69 20 X Y 20010502015351
-130.152 49.914 12.0 -18.81 96.13 -77.32 21.43 -41.27 7.11 20 X Y 20010502020546
-130.108 49.94 9.0 -18.32 96.3 -77.99 -17.83 -42.36 6.44 20 X Y 20010502054851
-128.356 48.864 9.0 26.4 67.46 -93.86 45.13 -27.72 -12.9 20 X Y 20010509170531
-129.499 49.45 9.0 -14.44 77.07 -62.62 37.04 -56.46 -20.14 20 X Y 20010513140957
-130.226 50.418 9.0 -24.1 98.26 -74.16 -3.55 -43.56 14.89 20 X Y 20010516042107
-130.239 50.477 12.0 -6.97 96.11 -89.15 19.5 -28.86 13.04 20 X Y 20010520100427
-130.24 50.481 9.0 -15.68 95.65 -79.97 -20.64 -37.18 -17.23 20 X Y 20010520101004
-130.236 50.464 9.0 -2.53 96.92 -94.39 -17.27 -23.32 1.76 20 X Y 20010520113055
-130.221 50.465 6.0 -16.78 95.86 -79.08 21.97 -40.13 6.65 20 X Y 20010520130109
-129.616 49.861 6.0 -27.34 72.03 -44.69 13.83 -42.73 63.38 20 X Y 20010523021547
-130.237 50.498 9.0 5.79 86.39 -92.18 -32.68 -28.73 10.44 20 X Y 20010627064512
-130.358 50.583 12.0 -3.14 92.3 -89.16 2.62 -17.28 38.16 20 X Y 20010709032647
-128.274 49.274 9.0 -1.8 90.64 -88.84 -24.19 -20.44 -30.67 20 X Y 20010801161935
-128.998 47.487 3.0 52.51 27.57 -80.09 39.1 -40.47 -43.21 20 X Y 20010804111346
-130.247 50.009 12.0 -12.35 95.32 -82.97 -19.28 -33.46 -21.15 20 X Y 20010805111142
-128.523 48.826 3.0 4.57 7.84 -12.41 46.68 -87.67 -4.13 20 X Y 20010907205953
-128.675 48.763 3.0 43.71 -8.2 -35.51 -22.93 -86.5 -19.29 20 X Y 20010907225658
-128.749 48.738 3.0 39.79 22.18 -61.96 31.93 -70.95 -31.45 20 X Y 20010908064331
-128.667 48.828 6.0 73.96 19.85 -93.81 -45.19 -3.79 -24.7 20 X Y 20010908080816
-128.631 48.788 6.0 36.39 63.31 -99.7 -48.31 4.53 3.13 20 X Y 20010908142428
-128.659 48.779 6.0 2.26 66.35 -68.61 -22.09 -3.6 -70.29 20 X Y 20010908170416
-128.702 48.749 6.0 91.83 5.0 -96.83 27.85 -4.17 17.03 20 X Y 20010908171941
-128.56 48.815 3.0 -366.0 -754.0 1120.0 -533.0 1380.0 -171.0 20 X Y 20010910063134
-128.653 48.778 3.0 60.28 -0.65 -59.62 -16.54 -77.95 -7.48 20 X Y 20010912124852
-128.642 48.805 3.0 75.74 11.15 -86.89 -40.6 -38.44 -13.0 20 X Y 20010912131819
-128.636 48.758 3.0 86.38 5.38 -91.76 -35.23 -17.91 -21.98 20 X Y 20010912135151
-128.601 48.84 3.0 26.75 28.61 -55.36 37.33 -75.12 -25.75 20 X Y 20010912140438
-128.64 48.716 3.0 81.29 12.64 -93.93 35.54 -18.11 -24.76 20 X Y 20010912222454
-128.669 48.718 6.0 88.74 -7.11 -81.63 12.63 44.33 -24.1 20 X Y 20010912223021
-128.652 48.681 3.0 -507.0 42.0 465.0 -565.0 1080.0 -43.0 20 X Y 20010913044708
-128.551 48.753 6.0 -469.0 45.0 425.0 -57.0 209.0 51.0 20 X Y 20010913054311
-128.624 48.79 6.0 83.6 6.47 -90.07 -25.21 42.32 -1.54 20 X Y 20010913095658
-128.712 48.691 6.0 -19500.0 -84400.0 104000.0 -38900.0 16000.0 -64000.0 20 X Y 20010914044508
-128.43 48.763 6.0 25.29 47.68 -72.97 42.51 -57.72 -27.26 20 X Y 20010914053853
-128.509 48.847 9.0 -5.89 85.02 -79.14 -4.39 -23.33 -51.7 20 X Y 20010914123643
-128.645 48.727 6.0 23.22 6.03 -29.25 46.77 13.1 83.22 20 X Y 20010914153949
-128.694 48.783 3.0 94.17 0.03 -94.2 -9.16 -31.68 -6.44 20 X Y 20010914204622
-128.559 48.563 3.0 3.58 -34.62 31.04 -68.97 64.45 -0.87 20 X Y 20010915105039
-128.662 48.469 6.0 17.95 61.69 -79.63 -55.03 39.97 11.8 20 X Y 20010916224813
-128.54 48.546 9.0 -8.92 95.67 -86.74 -21.53 32.49 10.13 20 X Y 20010916225630
-128.597 48.536 6.0 0.0 95.91 -95.91 -16.57 -18.96 12.95 20 X Y 20010916232009
-128.628 48.528 9.0 -17.12 79.66 -62.53 -27.15 32.73 54.01 20 X Y 20010917150512
-128.761 48.493 9.0 7.25 77.36 -84.61 -33.51 8.32 47.01 20 X Y 20010918003050
-128.565 48.57 9.0 -16.39 90.8 -74.41 -21.72 45.96 -19.77 20 X Y 20010924194426
-130.13 50.0 12.0 -70.5 -268.0 338.0 40.9 222.0 -70.1 20 X Y 20011011084849
-127.774 50.057 36.0 -0.92 24.13 -74.89 -58.06 0.0 47.38 20 X Y 20011020001854
-129.147 48.859 9.0 -7.61 93.08 -85.47 3.05 -28.59 -34.04 20 X Y 20011105104101
-129.098 48.868 9.0 -13.55 98.65 -85.1 -1.63 -34.23 -15.73 20 X Y 20011110202006
-129.352 49.575 9.0 -12.57 97.21 -84.63 17.27 -34.79 10.3 20 X Y 20011209012150
-129.554 49.497 9.0 4.36 76.55 -80.91 -35.52 14.37 48.16 20 X Y 20011231075216
-129.04 48.94 9.0 -10.6 -149.0 160.0 -2.87 39.7 72.1 20 X Y 20020104135128
-128.432 48.567 9.0 -36.99 60.99 -24.0 -69.6 31.39 36.58 20 X Y 20020105020405
-130.32 50.518 9.0 6.05 89.28 -95.33 -29.52 -22.1 9.62 20 X Y 20020105181356
-130.519 50.742 12.0 -10.85 98.43 -87.58 7.36 -30.87 15.95 20 X Y 20020123211433
-130.243 50.278 12.0 24.06 23.04 -47.1 -23.57 -61.48 63.25 20 X Y 20020128114126
-131.082 51.178 9.0 -12.49 92.8 -80.32 7.37 -32.25 36.0 20 X Y 20020220031714
-130.963 51.058 9.0 -18.09 92.07 -73.97 -15.77 -45.02 24.21 20 X Y 20020321231837
-130.414 50.529 9.0 -4.97 91.15 -86.18 5.16 -21.12 40.59 20 X Y 20020404042908
-129.505 49.513 3.0 37.49 55.92 -93.41 52.49 -19.59 15.24 20 X Y 20020418005140
-129.058 49.629 15.0 -2.8 99.0 -96.21 -2.85 -16.41 -13.78 20 X Y 20020418011912
-130.265 50.462 12.0 1.86 96.09 -97.95 -14.62 -8.66 17.22 20 X Y 20020513033251
-130.286 50.081 15.0 -18.1 97.14 -79.04 18.38 -40.22 6.26 20 X Y 20020606153754
-130.618 51.016 9.0 -18.05 51.15 -33.1 39.33 -25.54 76.04 20 X Y 20020610130047
-130.37 50.52 12.0 -3.0 96.09 -93.09 -18.46 -25.87 5.94 20 X Y 20020703143451
-128.918 49.006 9.0 0.01 96.71 -96.71 5.14 -6.52 -24.04 20 X Y 20020710101951
-128.821 49.03 6.0 12.45 80.74 -93.19 -38.32 -11.46 -26.86 20 X Y 20020710213114
-128.775 49.062 9.0 -4.99 85.04 -80.05 20.51 -39.06 -34.95 20 X Y 20020711005246
-129.503 49.241 9.0 -14.89 65.38 -50.48 -57.53 -33.37 -45.32 20 X Y 20020713072206
-128.84 48.976 9.0 -11.87 87.63 -75.76 12.32 -40.65 -37.64 20 X Y 20020714001921
-128.897 48.941 6.0 14.51 84.48 -98.99 -36.14 10.73 -2.36 20 X Y 20020715053132
-128.77 48.54 24.0 4.53 91.76 -96.29 -27.93 16.97 8.77 20 X Y 20021003001523
-128.73 48.53 9.0 76.2 -203.0 127.0 115.0 -77.6 -139.0 20 X Y 20021003102858
-130.618 49.12 15.0 -5.44 81.36 -75.91 -10.85 33.86 -50.3 20 X Y 20021008084943
-128.84 48.491 9.0 1.41 56.85 -58.25 9.68 19.75 78.76 20 X Y 20021011010939
-128.704 48.571 15.0 0.93 54.95 -55.88 13.41 -0.42 82.15 20 X Y 20021015055620
-129.83 49.77 15.0 -269.0 505.0 -236.0 -66.1 -78.1 -457.0 20 X Y 20021016165704
-129.77 49.89 6.0 404.0 74.0 -478.0 -623.0 -113.0 -684.0 20 X Y 20021016221205
-129.803 49.864 3.0 -26.31 -42.19 68.5 46.19 -7.23 65.05 20 X Y 20021016223244
-131.119 51.306 6.0 -6.52 49.2 -42.68 2.06 -31.25 82.93 20 X Y 20021103014925
-130.805 51.499 9.0 -20.01 83.83 -63.82 25.45 -35.75 48.2 20 X Y 20021103063002
-129.176 48.809 9.0 3.48 90.23 -93.71 -21.1 -4.75 -32.63 20 X Y 20021120045712
-130.559 50.696 12.0 1.0 94.66 -95.66 10.63 -1.31 28.79 20 X Y 20021123221056
-130.296 50.168 6.0 -24.76 40.52 -15.76 11.52 -47.05 80.01 20 X Y 20021213155131
-130.221 50.368 9.0 -28.05 64.11 -36.05 -4.37 -55.96 61.25 20 X Y 20021217085120
-130.167 50.417 6.0 -52.08 81.97 -29.89 0.17 -53.15 44.86 20 X Y 20021217085710
-130.597 51.06 9.0 59.0 -270.0 211.0 -186.0 123.0 -247.0 20 X Y 20021218191452
-130.155 50.445 12.0 -49.0 -861.0 910.0 -358.0 104.0 -345.0 20 X Y 20021222041511
-129.181 48.884 9.0 16.5 291.0 -308.0 43.0 -164.0 -68.2 20 X Y 20030105183911
-130.303 50.542 12.0 16.3 601.0 -617.0 -230.0 -56.9 102.0 20 X Y 20030107130018
-129.01 47.946 9.0 152.0 -34.2 -118.0 -12.2 -24.0 81.9 20 X Y 20030204014524
-128.232 48.867 9.0 45.4 53.8 -99.2 88.0 -31.7 -63.8 20 X Y 20030204094822
-130.191 49.9 9.0 -478.0 1430.0 -957.0 66.0 -679.0 405.0 20 X Y 20030303153640
-130.19 50.42 4.5 -50.7 560.0 -509.0 -63.1 -192.0 2.6 20 X Y 20030311135919
-129.05 48.65 9.0 -62.4 369.0 -306.0 -66.5 -68.2 -132.0 20 X Y 20030330074418
-131.3 51.31 9.0 6.36 59.5 -65.9 6.81 -1.52 38.1 20 X Y 20030505213135
-128.81 48.48 3.0 -558.0 -795.0 1350.0 -1390.0 1690.0 417.0 20 X Y 20030529052817
-130.27 50.51 12.0 223.0 -3420.0 3200.0 22.2 705.0 -1100.0 20 X Y 20030701154907
-130.23 50.1 9.0 -138.0 -89.8 228.0 -202.0 188.0 -149.0 20 X Y 20030722185322
-130.311 50.508 12.0 68.0 -2790.0 2720.0 -15.0 239.0 -746.0 20 X Y 20031023081618
-129.183 48.816 9.0 -350.0 -1080.0 1430.0 -863.0 1060.0 378.0 20 X Y 20031107131601
-129.089 48.823 9.0 -358.0 -1770.0 2130.0 -1290.0 2430.0 653.0 20 X Y 20031107142142
-129.193 48.853 12.0 7970.0 -11400.0 3430.0 -2750.0 9310.0 5380.0 20 X Y 20031219053251
-130.211 50.531 12.0 -64.0 -140.0 204.0 -18.0 48.0 -24.0 20 X Y 20040107024208
-130.271 50.487 12.0 26.0 -794.0 769.0 37.0 24.0 -144.0 20 X Y 20040107035307
-127.933 49.15 12.0 143.0 -1250.0 1110.0 -56.0 -197.0 -407.0 20 X Y 20040115044553
-128.063 49.096 9.0 -4600.0 -9180.0 13800.0 -3420.0 1090.0 -3130.0 20 X Y 20040125151223
-127.956 49.181 6.0 -312.0 -961.0 1270.0 247.0 448.0 342.0 20 X Y 20040125153526
-127.952 49.166 9.0 -66.0 -98.0 165.0 6.0 -34.0 -53.0 20 X Y 20040126181342
-130.644 50.945 12.0 50.0 -1080.0 1030.0 -1090.0 770.0 -485.0 20 X Y 20040228015741
-130.63 50.933 12.0 -269.0 -1090.0 1360.0 -2000.0 1130.0 -784.0 20 X Y 20040228020043
-130.65 50.959 12.0 -202.0 -2450.0 2650.0 -2510.0 2190.0 -1480.0 20 X Y 20040228020517
-130.527 51.002 6.0 42.0 -81.0 39.0 -65.0 86.0 -46.0 20 X Y 20040228025452
-128.91 48.622 9.0 103.0 -243.0 140.0 -19.0 14.0 157.0 20 X Y 20040304000359
-130.477 50.576 9.0 2.0 -261.0 259.0 14.0 28.0 -54.0 20 X Y 20040419014237
-129.006 48.74 6.0 -284.0 -498.0 782.0 -321.0 1690.0 100.0 20 X Y 20040427094002
-130.124 50.431 12.0 61.0 -619.0 558.0 86.0 104.0 22.0 20 X Y 20040611190527
-130.608 50.987 9.0 6.0 -181.0 176.0 -52.0 50.0 -109.0 20 X Y 20040613052917
-129.362 48.916 9.0 -8.0 -222.0 230.0 -24.0 23.0 145.0 20 X Y 20040616184901
-130.249 50.432 9.0 130.0 -783.0 654.0 35.0 362.0 -63.0 20 X Y 20040623181924
-130.152 50.047 9.0 109.0 -388.0 279.0 35.0 199.0 3.0 20 X Y 20040624145219
-130.241 50.025 9.0 137.0 -729.0 593.0 38.0 485.0 51.0 20 X Y 20040703230720
-127.234 49.507 12.0 7210.0 -12700.0 5480.0 2750.0 41600.0 -46900.0 20 X Y 20040715120649
-127.216 49.527 9.0 -10.0 -38.0 48.0 48.0 160.0 -143.0 20 X Y 20040715135549
-131.355 51.991 12.0 207.0 -243.0 36.0 -187.0 174.0 -671.0 20 X Y 20040718101836
-127.303 49.41 12.0 -26400.0 -221000.0 247000.0 15100.0 131000.0 -449000.0 20 X Y 20040719080144
-131.661 53.443 6.0 121.0 -33.0 -88.0 -60.0 -49.0 -42.0 20 X Y 20040821180639
-129.909 48.951 9.0 -9.0 -243.0 252.0 61.0 12.0 6.0 20 X Y 20040826141243
-131.334 51.361 9.0 32.0 -118.0 86.0 40.0 -14.0 -48.0 20 X Y 20040827133301
-129.05 48.12 6.0 -825.0 252.0 573.0 -54.0 -305.0 -101.0 20 X Y 20041005085644
-127.191 52.707 9.0 32.0 -103.0 71.0 75.0 4.0 271.0 20 X Y 20041006043948
-129.814 49.588 9.0 6.0 -1460.0 1450.0 209.0 354.0 -569.0 20 X Y 20041028154635
-129.1 49.07 9.0 -1170.0 -5680.0 6850.0 -550.0 3720.0 3090.0 20 X Y 20041102093041
-129.181 49.012 9.0 -41800.0 -699000.0 741000.0 8550.0 687000.0 158000.0 20 X Y 20041102100206
-129.28 48.939 9.0 -1380.0 -5150.0 6540.0 732.0 3130.0 3140.0 20 X Y 20041102114708
-129.206 49.018 9.0 1470.0 -6290.0 4820.0 100.0 5960.0 845.0 20 X Y 20041102131102
-129.244 48.982 9.0 1260.0 -5650.0 4390.0 884.0 4340.0 1080.0 20 X Y 20041102140341
-129.032 49.195 9.0 -679.0 -2070.0 2750.0 1210.0 -837.0 -135.0 20 X Y 20041102150829
-128.995 49.325 9.0 -4970.0 -7380.0 12400.0 388.0 756.0 2670.0 20 X Y 20041102172338
-128.989 49.305 9.0 284.0 -900.0 616.0 294.0 377.0 -59.0 20 X Y 20041102192319
-128.94 49.472 3.0 51.0 -166.0 114.0 -75.0 60.0 203.0 20 X Y 20041103123012
-128.923 49.436 6.0 -52.0 -131.0 183.0 -127.0 60.0 95.0 20 X Y 20041103125018
-128.902 49.443 6.0 -331.0 -319.0 649.0 84.0 495.0 799.0 20 X Y 20041104000357
-128.932 49.306 6.0 -59.0 -178.0 237.0 66.0 94.0 -39.0 20 X Y 20041106065541
-129.013 49.218 9.0 56.0 -507.0 451.0 133.0 159.0 17.0 20 X Y 20041110062819
-130.247 50.494 12.0 127.0 -1100.0 968.0 176.0 153.0 -99.0 20 X Y 20041115174535
-130.211 50.42 9.0 -741.0 -3010.0 3750.0 469.0 814.0 -459.0 20 X Y 20041115175155
-130.248 50.515 12.0 -43.0 -442.0 485.0 77.0 26.0 -47.0 20 X Y 20041115175725
-130.199 49.986 9.0 -961.0 -2610.0 3570.0 1250.0 2310.0 -525.0 20 X Y 20050203153604
-131.148 51.235 9.0 -848.0 -7600.0 8450.0 -1200.0 2300.0 -2480.0 20 X Y 20050207062331
-129.044 47.96 9.0 -490.0 -121.0 611.0 359.0 -581.0 -3660.0 20 X Y 20050228124921
-128.962 47.978 6.0 -689.0 -782.0 1470.0 740.0 -624.0 164.0 20 X Y 20050228132345
-128.966 47.991 6.0 -1030.0 1240.0 -214.0 -1290.0 -1290.0 -2920.0 20 X Y 20050228135022
-129.084 47.929 9.0 -2460.0 -984.0 3440.0 1110.0 -1710.0 -4910.0 20 X Y 20050301003220
-129.021 47.95 6.0 -255.0 -98.0 353.0 739.0 -244.0 -1580.0 20 X Y 20050301160827
-129.026 47.98 6.0 -214.0 -678.0 892.0 -869.0 -776.0 -4350.0 20 X Y 20050301213426
-129.057 48.737 9.0 -263.0 -1820.0 2090.0 -1300.0 2000.0 266.0 20 X Y 20050306130129
-128.786 50.337 12.0 994.0 687.0 -1680.0 -213.0 817.0 -136.0 20 X Y 20050311152820
-130.54 50.73 6.0 -55.0 -294.0 349.0 -15.0 226.0 -38.0 20 X Y 20050315103519
-130.094 49.983 6.0 -544.0 -683.0 1230.0 387.0 811.0 -181.0 20 X Y 20050423070844
-130.409 50.555 9.0 2.0 -177.0 175.0 -28.0 28.0 -55.0 20 X Y 20050511163930
-130.782 51.69 9.0 52.0 -199.0 147.0 -82.0 -48.0 -94.0 20 X Y 20050601182939
-127.27 49.473 9.0 23.0 -127.0 105.0 -20.0 25.0 63.0 20 X Y 20050607225053
-130.958 51.639 9.0 279.0 -464.0 186.0 9.0 63.0 -548.0 20 X Y 20050608213406
-131.412 51.469 9.0 10200.0 -44900.0 34700.0 -47500.0 19300.0 -64500.0 20 X Y 20050609140046
-130.208 50.463 9.0 17.0 -97.0 81.0 10.0 52.0 -115.0 20 X Y 20050622090803
-130.251 50.484 9.0 -305.0 -739.0 1040.0 149.0 276.0 -220.0 20 X Y 20050725105458
-130.128 49.886 12.0 -358.0 449.0 -91.0 -1940.0 397.0 -1880.0 20 X Y 20051116140738
-128.967 48.416 12.0 -3310.0 -6760.0 10100.0 1930.0 -1800.0 -8560.0 20 X Y 20051119124000
-131.442 53.85 12.0 -13.0 -275.0 288.0 49.0 -43.0 -116.0 20 X Y 20051228104016
-129.92 49.82 15.0 105.06837 549.59027 -745.9574 -83.76573 -55.75754 -405.92761 20 X Y 20060201061026
-127.655 49.567 9.0 -433.64359 179.32251 197.30142 -108.36046 204.05084 -126.75603 20 X Y 20060206010335
-130.917 51.214 14.0 17.25558 -238.53201 186.01256 63.6309 -101.08498 -30.51483 20 X Y 20060213124349
-128.64 48.81 9.0 -92.51401 42.66841 61.00358 -30.80732 59.98338 -35.96792 20 X Y 20060315215345
-128.656 48.797 9.0 -60.18785 -227.73431 290.37155 100.0786 116.44192 156.34471 20 X Y 20060315225544
-130.3 50.52 8.0 81.00524 -126.42501 25.99684 -94.65197 36.20836 -52.62313 20 X Y 20060402094639
-130.37 50.55 9.0 -42.9017 -63.97033 136.58495 -58.37573 38.35532 -67.50312 20 X Y 20060413153952
-128.38 48.71 18.0 65.4113 -346.04987 245.61455 -22.99962 28.90231 -33.92221 20 X Y 20060419181603
-128.74 48.6 23.0 158.58128 -812.25543 691.65698 -51.69051 -12.42251 -768.35876 20 X Y 20060421215818
-129.0 48.93 24.0 27.75191 -284.4935 232.41148 38.25821 146.21661 62.24567 20 X Y 20060424012512
-130.489 50.643 9.0 44.0 -150.0 106.0 -13.0 63.0 -17.0 20 X Y 20060531013319
-130.31 50.56 14.0 71.86274 -380.40198 318.27762 -19.84969 89.68157 -35.84233 20 X Y 20060602020335
-130.47 50.66 9.0 -2822.69165 -1282.41724 3547.90869 -637.52875 1662.68689 -349.48315 20 X Y 20060604085630
-130.9 51.34 4.0 -719.05133 -10927.06738 4962.94873 -13852.7373 5282.39941 -10019.72949 20 X Y 20060620100204
-130.94 51.26 17.0 34.70884 -205.19189 253.63972 131.50385 -21.11371 41.27293 20 X Y 20060620115223
-128.78 48.55 20.0 -291.68259 5.8872 163.1078 -242.61668 -153.35168 -911.73706 20 X Y 20060627232142
-128.82 48.51 2.0 1.36911 -84.14077 110.53363 152.36066 -6.26994 -186.78484 20 X Y 20060628010854
-130.447 51.2502 12.0 -70.64306 -62.14235 143.58949 65.83398 -8.31309 -23.8661 20 X Y 20060705104615
-130.314 50.453 15.0 67.0 -72.0 5.0 17.0 18.0 -25.0 20 X Y 20060729101110
-130.31 50.45 7.0 -595.75079 12.34788 572.44861 -278.65387 65.08124 -137.96719 20 X Y 20060802211535
-129.29 48.87 12.0 -30.43282 -150.41454 174.43669 -24.55672 118.95449 100.18447 20 X Y 20060826033930
-130.09 49.86 7.0 -2367.14722 -785.3457 3269.54736 -2192.52954 1929.4248 157.18507 20 X Y 20060910111440
-129.13 48.95 14.0 45.20721 -140.36592 120.05795 -21.02108 136.13258 100.06973 20 X Y 20061002125429
-129.26 48.98 9.0 -83.23277 -15.65099 101.11689 -38.07551 61.8382 50.3149 20 X Y 20061002133226
-130.4 50.57 7.0 -489.09274 -536.99213 1063.69788 185.18636 -73.22306 -296.26318 20 X Y 20061221225645
-128.72 48.8 8.0 -1307.80908 -2.31575 892.73779 -116.47374 981.03113 305.19937 20 X Y 20070321051917
-128.84 48.97 16.0 -709.65387 -230.31146 803.36182 84.81133 260.05219 204.89432 20 X Y 20070323034905
-130.166 49.994 7.0 -144.70264 -8.53128 249.37811 -144.7878 152.75841 -98.51582 20 X Y 20070424020655
-130.38 50.55 9.0 -1973.22449 -1833.53296 3181.79248 -779.64386 1051.79138 -644.56586 20 X Y 20070505061540
-130.36 51.02 4.0 55.45592 -172.56091 75.7436 59.61664 88.31822 -54.94203 20 X Y 20070609130902
-130.28 50.5 11.0 27.79845 -178.83804 166.94324 -134.09363 87.37453 -11.79627 20 X Y 20070711064507
-131.69 53.86 18.0 -15.91186 -294.28806 323.72995 -22.49818 -23.45142 203.99092 20 X Y 20070715190148
-130.44 50.56 7.0 -332.53949 204.70834 179.12416 121.17366 207.95694 121.94938 20 X Y 20070825224520
-131.99 52.05 9.0 -6405.45361 -824.88879 5985.47217 1290.43335 -18061.6875 -18786.97852 20 X Y 20071212233958
-130.9281 50.9758 10.0 -17727.15625 -32397.54102 32093.21484 -18649.89062 14509.86523 -9037.11426 20 X Y 20080105103909
-131.0647 51.0748 16.0 7753.30762 -703912.9375 411176.21875 -357139.1875 87352.48438 -280411.875 20 X Y 20080105110101
-130.9822 50.8283 6.0 -183918.0625 -367628.53125 391984.8125 -280301.5625 173689.10938 -97821.33594 20 X Y 20080105114444
-131.45 51.2 6.0 -476.28119 -3592.82593 4460.11768 -1555.94922 -538.27985 -182.49617 20 X Y 20080105120013
-131.08 51.11 9.0 -244.49797 -244.75241 320.75241 -177.70149 -14.62798 -236.66693 20 X Y 20080105171600
-131.3 51.33 4.0 -670.69519 -1236.98352 2949.32275 -6880.93945 -1120.38208 -6585.76807 20 X Y 20080106002029
-131.3246 51.4983 4.0 -17027.75781 1509.51196 29342.59961 -46888.22656 8334.65039 -79686.46875 20 X Y 20080109143957
-129.16 49.1 18.0 -54.70007 -528.25507 660.59003 87.49656 220.31618 18.54334 20 X Y 20080414075047
-128.89 48.69 9.0 -1728.14417 -3657.15405 4202.74854 2284.00073 4160.96338 -118.83754 20 X Y 20080427211759
-130.41 50.46 6.0 -1233.43481 -1604.2384 1796.18457 -966.28217 574.17365 -433.86157 20 X Y 20080530123830
-128.94 48.68 2.0 -116.7808 -575.41461 573.7641 -337.60593 1962.98035 48.24052 20 X Y 20080601142412
-129.33 48.88 8.0 160.42006 -384.12842 430.16257 -1.9697 288.19427 65.40742 20 X Y 20080618163045
-129.03 48.71 14.0 -629.13184 -2924.80005 3042.16602 1306.71753 1615.96167 646.16534 20 X Y 20080825222451
-130.17 49.95 10.0 -28.48969 -229.80962 260.98938 -89.35095 26.95127 -325.27328 20 X Y 20080827174147
-130.03 49.9 17.0 248.50453 -739.76532 527.17645 13.46781 235.79843 36.74815 20 X Y 20080827181004
-130.01 49.91 14.0 618.13654 -1015.96222 545.78192 216.31789 409.39011 728.94586 20 X Y 20080827194504
-130.16 50.07 6.0 -6315.68701 -4066.60669 5860.98877 3488.69189 4816.29932 -4020.56055 20 X Y 20080827201733
-130.13 49.83 8.0 -222.79201 -1407.48401 1630.276 -263.707 582.7688 -178.32819 20 X Y 20080827215229
-130.14 49.78 8.0 -1444.08643 -3132.7998 4576.88623 2089.62134 2279.60303 406.6713 20 X Y 20080827221230
-130.06 49.85 8.0 2.53565 -708.66272 706.12708 -311.15662 505.11255 -192.50816 20 X Y 20080827224528
-130.06 49.91 7.0 -741.44446 87.80936 653.63507 102.00321 494.46964 -138.25771 20 X Y 20080827234002
-129.97 49.87 12.0 -23.09045 -624.4101 647.50055 334.19525 243.1613 -6.48527 20 X Y 20080828002231
-129.96 49.94 10.0 -1515.22949 -1809.85132 3325.08081 1720.92712 2181.90381 149.41757 20 X Y 20080828011512
-129.79 49.91 10.0 -226.40791 -2311.2876 2537.69556 -1539.3833 2118.52588 -969.85083 20 X Y 20080828015831
-130.04 50.01 7.0 -231.1189 -662.09033 893.20923 431.99026 696.07172 -148.10475 20 X Y 20080828031542
-130.0 49.93 12.0 -25.3658 -446.77744 480.46375 94.34528 140.0045 18.21396 20 X Y 20080828064217
-129.89 49.94 12.0 -24.9698 -599.10413 749.95654 115.27145 357.55673 79.80955 20 X Y 20080828072848
-129.9 49.9 11.0 -832.23022 -1646.38464 2737.85034 1172.6676 1296.30933 543.43329 20 X Y 20080828092027
-129.582 50.174 19.0 -33977.46094 -15266.99414 67153.00781 -40443.50781 32066.67773 5059.26807 20 X Y 20080828123735
-130.11 49.94 9.0 -28.2638 -220.30844 259.21204 -42.41116 83.84349 -76.90061 20 X Y 20080901011908
-130.37 49.59 2.0 -1833.64783 -856.08875 3024.17114 -10221.7793 12878.21387 -1606.98157 20 X Y 20080906011017
-130.08 49.71 8.0 414.77417 -1320.91003 2105.78149 -1191.60852 1499.68103 -903.01178 20 X Y 20080906112557
-128.16 48.78 11.0 -47.24861 -199.38496 226.81029 41.86574 49.93608 0.8062 20 X Y 20081005052307
-130.2 49.63 5.0 92.02194 -552.05585 445.0929 -65.14526 259.04453 -37.29132 20 X Y 20081024213915
-129.06 48.84 12.0 2764.20801 -48371.49219 47781.3125 -14705.40234 35097.94922 14934.16504 20 X Y 20081225081153
-128.94 48.85 16.0 -531.9679 -290.60153 867.29865 -187.56401 -306.99554 -200.81947 20 X Y 20081225081838
-128.53 49.3 25.0 -303.13336 -752.98767 1115.52393 -530.21851 295.7879 -104.35648 20 X Y 20081225084240
-129.15 48.85 14.0 62.84351 -734.68445 726.80481 -147.6834 503.33276 433.41891 20 X Y 20090113181946
-129.63 50.62 15.0 -6.62258 -43.94765 57.28876 -21.75605 15.1389 -22.2801 20 X Y 20090715074449
-130.38 50.52 6.0 -188.32584 -118.30568 212.5759 -66.75379 10.01814 -26.93357 20 X Y 20090806223937
-130.2 50.47 11.0 0.07131 -396.24677 356.42319 -46.65869 222.99017 -155.66582 20 X Y 20091012111003
-127.62 49.36 10.0 -119.70442 84.51083 26.385 -43.33098 -9.99238 -35.71214 20 X Y 20091015103752
-130.27 50.07 11.0 35.65959 -152.93333 120.24401 -61.5894 -44.84348 26.40489 20 X Y 20091031172628
-131.78 51.82 18.0 140666.65625 -36802.72656 -175853.34375 -85261.74219 184193.5 -533762.3125 20 X Y 20091117153046
-131.78 51.89 18.0 26697.9043 -51553.62109 45642.55859 -7760.47363 -15256.91992 -82656.21094 20 X Y 20091117153739
-131.74 51.87 18.0 672.1026 500.65469 -884.04034 -516.91992 57.65265 -867.62268 20 X Y 20091117190411
-131.68 51.81 10.0 -156.46848 -412.47971 225.96271 280.75604 -318.41653 -841.74243 20 X Y 20091118031634
-131.32 52.0 18.0 185.36397 -2.35146 -274.93842 -228.61697 -32.64338 -134.94038 20 X Y 20091216144954
-130.37 50.55 12.0 73.02052 -220.35124 171.29245 -84.29216 69.6921 -141.82224 20 X Y 20091223080832
-128.89 48.68 10.0 3.22994 -447.13849 430.92853 2.98093 277.22794 194.54189 20 X Y 20100112215145
-130.66 51.13 1.0 8.05861 -39.99259 34.61981 -281.56879 -393.23767 -38.20018 20 X Y 20100304222914
-130.9 51.22 12.0 144.17358 -640.8515 507.17163 -69.48229 -159.24953 36.07258 20 X Y 20100328142649
-130.83 51.26 2.0 203.3167 -179.58257 177.92296 -1068.67175 -176.26448 -385.69659 20 X Y 20100329113807
-130.05 49.46 9.0 4072.53564 -10847.33789 10489.95508 -3215.63599 6443.86426 -1788.58362 20 X Y 20100719171504
-130.22 49.95 8.0 -84.73409 -473.51822 941.59827 -522.87396 375.96024 -436.50656 20 X Y 20100726084321
-130.4 50.57 14.0 -11.13248 -633.88666 790.30682 -463.11069 245.08772 -311.89206 20 X Y 20100817113753
-129.66 49.12 9.0 24.67251 -268.92435 270.15683 47.63399 183.55521 65.13512 20 X Y 20101003152550
-129.59 49.12 19.0 579.52509 -1521.99487 1131.07507 447.92703 724.05054 -25.00486 20 X Y 20101004055611
-129.66 49.1 14.0 1240.47058 -3543.4751 3559.59741 -606.47144 2321.94189 -34.7972 20 X Y 20101004145150
-130.3 50.52 9.0 -75.00638 1.35769 74.9781 -90.40681 -7.92204 -107.08851 20 X Y 20101010083535
-130.44 50.71 12.0 -41.60095 -209.72681 325.01495 26.195 30.3918 -115.41364 20 X Y 20101011012105
-130.85 51.39 4.0 -69.01469 -18.13249 28.73287 -93.63321 -16.84922 -89.28082 20 X Y 20101209011549
-130.25 50.4 9.0 25.59262 -288.82086 239.99638 -40.99425 83.85524 -9.14563 20 X Y 20110104202001
-130.42 50.62 7.0 -858.38263 815.7771 96.87794 -789.33838 595.91309 -46.41338 20 X Y 20110129075828
-130.3 50.75 16.0 148.40869 -1035.39893 983.12085 -157.08633 203.04021 342.80676 20 X Y 20110203075217
-131.38 51.92 24.0 65.3823 -122.201 54.2386 -143.26782 90.69792 -28.93754 20 X Y 20110228015546
-130.23 50.24 5.0 327.39078 -496.88364 118.85201 -699.49915 57.59909 -84.03672 20 X Y 20110303035459
-128.62 49.66 7.0 -650.76123 -195.03316 685.93365 -421.88126 583.99188 321.91281 20 X Y 20110320042035
-131.62 51.74 14.0 1047.69604 -1902.75244 331.50046 -1409.05396 261.06195 -1440.85559 20 X Y 20110617022219
-131.01 51.42 6.0 -1661.2832 -1126.52271 1962.39038 -955.29187 -661.51294 -1472.65674 20 X Y 20110818153542
-131.06 51.39 26.0 60.68828 -570.28064 519.67883 91.49892 4.53425 563.98438 20 X Y 20110906015017
-130.34 50.58 12.0 -21.75255 -739.64117 1022.04706 -260.97534 369.74637 -259.44315 20 X Y 20110912093725
-127.2778 49.3912 14.0 -34.26577 -107.6581 166.4023 40.44876 44.18139 -64.82093 20 X Y 20110915110208
-129.36 48.93 18.0 294.77737 -673.78711 434.76367 -33.17018 243.84718 90.53784 20 X Y 20110921043659
-130.36 50.49 8.0 -344.84232 -167.58121 497.22198 -222.29762 146.71973 -70.22495 20 X Y 20111010053923
-130.13 50.45 9.0 -699.52216 -1941.9397 1971.96582 -966.24634 752.93988 -348.88736 20 X Y 20111123230241
-130.72 51.08 2.0 -471.2663 132.32965 374.77844 -7901.65527 3245.52246 -1510.9823 20 X Y 20120113194604
-128.21 48.6 6.0 992.50409 -7059.51221 6883.6665 6904.2959 4751.68311 13242.74121 20 X Y 20120204200527
-128.19 48.68 4.0 -80.3221 -1103.14136 1260.99329 -686.38959 -981.86902 -278.19629 20 X Y 20120204200852
-129.35 48.99 8.0 335.04333 -370.47104 225.73245 334.20862 135.62344 57.90902 20 X Y 20120214225435
-128.15 48.77 6.0 342.34995 -1487.19958 1376.26917 536.31055 187.84918 484.24756 20 X Y 20120216063728
-130.2 50.46 11.0 8.63034 -195.24883 170.85745 -16.53602 0.36423 -51.62582 20 X Y 20120301050102
-130.08 50.47 7.0 -47.28816 -193.94131 230.41862 -77.52916 66.03545 -6.00502 20 X Y 20120427125112
-130.02 50.49 13.0 -111.0687 -1708.39697 2003.59326 -1150.32202 932.26276 -484.38687 20 X Y 20120427125243
-130.19 50.42 7.0 -28.174 -432.80463 474.59656 -346.28992 326.55212 -233.9715 20 X Y 20120427161447
-130.19 50.46 5.0 7.93396 -353.04083 370.70148 -150.82983 -40.52373 -131.66197 20 X Y 20120427162013
-130.09 50.51 7.0 -178.73067 -1149.1925 860.04437 -524.76709 528.49719 -196.91292 20 X Y 20120427162231
-130.34 50.57 13.0 -300.9761 -1244.45618 1821.39172 -601.7478 482.66135 -584.73486 20 X Y 20120501225342
-130.22 50.46 9.0 -27.87986 -222.59259 258.71646 74.95358 63.25119 -54.00854 20 X Y 20120502123326
-130.26 50.04 8.0 -231.74727 -196.8726 413.45328 131.39813 322.86359 -81.36222 20 X Y 20120525072618
-129.43 49.19 6.0 896.3537 -1092.30652 871.56726 -848.29071 839.90955 -120.88159 20 X Y 20120627042229
-130.15 50.46 10.0 -56.51606 -916.44434 905.20142 -257.36688 314.88956 -98.44161 20 X Y 20120704133543
-131.6627 52.2167 7.0 -6446.2 2193.2 3924.7 -1241.6 -1695.3 -4248.3 20 X Y 20121028054702
-131.769 52.193 9.0 -1984.7 2887.4 -17.129 7148.8 6007.4 -772.33 20 X Y 20121028061650
-131.68 52.11 19.0 -1694.5 -475.07 1368.7 2396.9 -825.0 -6271.0 20 X Y 20121028072516
-131.8804 52.1675 13.0 -6948.2 8001.6 440.52 5253.1 1257.3 3333.5 20 X Y 20121028091726
-129.7772 50.7945 15.0 -642.97 673.64 30.529 -151.47 -21.277 142.98 20 X Y 20121028144603
-131.6929 52.3456 8.0 -617.1 306.18 200.85 -351.61 91.18 254.84 20 X Y 20121028161701
-130.792 51.389 6.0 40.681 -17.12 -23.649 80.827 32.062 -48.251 20 X Y 20121029094846
-131.6993 52.1642 24.0 -967.52 -1388.6 1063.3 2426.6 440.11 860.43 20 X Y 20121029204942
-130.8294 51.7164 10.0 -102.67 -269.45 263.41 -47.892 21.375 -138.91 20 X Y 20121102025456
-131.9017 52.2402 10.0 264.1 -132.47 104.94 -378.35 32.779 -452.7 20 X Y 20121102071541
-131.9458 52.3172 6.0 -116.83 -104.62 247.7 101.52 -16.918 -184.11 20 X Y 20121104050747
-131.9823 52.5088 6.0 -551.7 348.8 320.91 -277.45 164.98 288.16 20 X Y 20121104074211
-131.5358 52.1664 8.0 -121.29 -2065.2 1489.9 408.94 270.43 -185.84 20 X Y 20121106102659
-128.8535 49.0094 9.0 55268.0 -100510.0 49120.0 3452.6 31466.0 16160.0 20 X Y 20121108020145
-128.8433 48.999 14.0 268.76 -1444.3 1323.2 208.57 -256.62 -346.83 20 X Y 20121108210734
-131.8025 52.1542 8.0 -129.62 60.358 83.746 -19.695 292.42 82.402 20 X Y 20121112065040
-131.726 52.1575 7.0 -98.161 106.8 6.1302 41.835 155.09 128.06 20 X Y 20121112072558
-130.286 50.501 11.0 -87.477 -534.69 587.38 25.3 286.15 -204.26 20 X Y 20121223190834
-129.1344 48.7373 4.0 -727.85 249.95 461.91 -396.75 143.52 -285.96 20 X Y 20130107033319
-130.308 49.4592 6.0 40.096 -336.35 343.29 -3.4843 -199.65 60.57 20 X Y 20130109140734
-130.7087 50.861 12.0 79.742 -355.47 263.5 -68.639 33.691 -137.63 20 X Y 20130118014207
-130.9257 51.0424 8.0 -68.979 -339.64 282.36 -100.2 49.168 -90.39 20 X Y 20130320172152
-129.8837 50.9255 10.0 97.685 -104.81 10.052 -42.113 -0.55361 -30.892 20 X Y 20130325004121
-130.52 50.76 9.0 -93.074 -125.07 189.36 -91.534 34.893 -51.858 20 X Y 20130614155604
-130.2243 50.2415 9.0 658.28 -1776.5 -1068.0 -2502.7 2024.7 -5497.4 20 X Y 20130726125722
-129.94 50.53 9.0 -242.3 -1108.0 -1302.0 -1441.2 1312.9 -5630.4 20 X Y 20130726125725
-130.25 50.22 5.0 23.996 -451.71 431.03 70.199 51.084 -862.49 20 X Y 20130727191058
-127.415 49.687 28.0 -1107.7 -9717.6 11707.0 1428.0 3217.7 -2985.8 20 X Y 20130804132227
-130.44 50.53 7.0 -92.626 -303.79 354.37 -46.444 22.562 -173.43 20 X Y 20130804155740
-130.3687 50.4683 9.0 -59.257 -336.12 350.95 20.496 65.047 -91.511 20 X Y 20130807013246
-130.6245 51.0476 10.0 -34015.0 -101480.0 81885.0 1171.7 68106.0 -132760.0 20 X Y 20130903201905
-130.62 51.03 5.0 409.5 -2948.8 1776.7 -5014.0 2164.0 -3071.2 20 X Y 20130903210552
-130.54 51.09 1.0 -947.92 -2472.2 1206.0 -2554.4 -247.48 -4720.9 20 X Y 20130903212515
-130.1682 51.3411 21.0 9079.5 -3553.3 5419.5 -11108.0 8183.3 -16428.0 20 X Y 20130903222928
-130.02 51.4 12.0 6753.7 -4.0161 -1366.1 -9166.1 6110.3 -22409.0 20 X Y 20130903222930
-130.64 51.05 5.0 -332.14 -627.13 961.28 488.63 834.39 -542.95 20 X Y 20130903230706
-130.607 51.0157 5.0 -6065.5 -5401.0 12375.0 -44230.0 7744.3 -74935.0 20 X Y 20130904002308
-130.54 50.97 8.0 -1204.6 -529.37 1749.9 -2021.2 1715.3 -942.63 20 X Y 20130904011900
-130.64 51.06 5.0 -190.99 21.664 154.63 96.902 271.48 -79.524 20 X Y 20130904123708
-130.56 51.05 6.0 -159.15 -866.44 829.63 -122.38 -269.4 -537.81 20 X Y 20130904152632
-130.51 51.08 8.0 -15.399 19.267 3.3256 93.806 126.02 -244.41 20 X Y 20130904153313
-130.5 51.04 10.0 68.758 -298.25 233.93 -137.86 76.159 -145.56 20 X Y 20130906000524
-130.1887 50.039 7.0 -2362.4 -1142.4 2650.4 -1240.4 2661.0 125.55 20 X Y 20131108114456
-127.9875 49.1315 9.0 -87.76 -925.04 990.3 128.28 -384.71 -424.85 20 X Y 20131215181147
-127.7316 49.6388 17.0 277180.0 -530280.0 311790.0 81518.0 370060.0 -394220.0 20 X Y 20140424031010
-127.6726 49.4739 4.0 -4253.3 1729.7 2100.5 -2874.6 1102.4 -1768.5 20 X Y 20140424032333
-127.7877 49.5441 16.0 847.14 -1223.0 292.36 -515.28 -491.5 811.75 20 X Y 20140424034056
-127.8257 49.6095 9.0 1522.2 -924.01 -336.57 1451.2 -404.62 565.64 20 X Y 20140424034417
-127.7845 49.6074 15.0 283.13 -330.44 65.645 -275.06 93.527 -255.42 20 X Y 20140424051617
-127.7819 49.5503 4.0 46.706 -81.939 53.769 -89.097 48.044 6.8907 20 X Y 20140424080955
-127.8413 49.6315 3.0 -36.087 -1.5987 54.024 -131.08 84.991 -12.167 20 X Y 20140424120656
-127.8065 49.6056 6.0 -76.473 49.272 25.062 15.911 11.173 -30.908 20 X Y 20140426011904
-130.6239 51.0646 11.0 -9.1028 0.051322 9.6646 5.8344 11.872 5.5453 20 X Y 20140724120652
-130.4449 50.5455 7.0 -608.09 128.96 467.57 -118.44 312.61 -250.01 20 X Y 20140812070022
-130.2149 50.4979 10.0 -484.86 -140.73 541.07 -241.24 268.55 -223.89 20 X Y 20140818081744
-130.2802 50.447 9.0 -830.11 -2398.4 2586.1 -1081.2 1146.9 -26.709 20 X Y 20140910163639
-129.2989 48.8697 3.0 -209.9 -122.84 270.77 -1300.7 -0.86359 -348.68 20 X Y 20141212060809
-130.4937 50.722 8.0 -59.286 -520.59 497.27 128.96 52.409 -45.857 20 X Y 20141220213632
-130.4872 50.7361 6.0 153.98 -1093.4 970.75 -253.27 -783.62 -435.31 20 X Y 20141220225428
-130.5273 50.722 5.0 -1353.1 -3697.0 5577.7 -3632.9 1523.7 -3133.0 20 X Y 20141221025735
-130.5405 50.7095 6.0 506.42 -4148.5 4922.2 -3262.5 -3634.2 -1291.8 20 X Y 20141221094045
-130.4995 50.7373 9.0 -11.1 -263.8 279.02 -139.98 79.534 -61.518 20 X Y 20141221101945
-130.4463 50.7624 5.0 90.455 -641.38 696.31 -1057.0 338.72 -554.46 20 X Y 20141221104544
-130.5248 50.7457 3.0 51.077 -312.14 297.74 -381.01 -567.44 -254.39 20 X Y 20141222065137
-130.5002 50.7285 9.0 143.82 -532.54 479.52 -427.95 145.13 -562.89 20 X Y 20141222210103
-131.2469 51.3227 11.0 10.007 -557.75 468.69 -131.22 45.077 -299.65 20 X Y 20141230125722
-130.5003 50.7322 12.0 435.46 -6209.7 8983.3 -6605.5 4950.9 -6673.9 20 X Y 20150102101533
-130.4792 50.5235 3.0 66.097 -376.33 202.7 -28.199 302.13 -541.44 20 X Y 20150104014955
-131.9669 52.5619 18.0 26.107 -262.5 463.68 -381.74 -371.23 -91.004 20 X Y 20150125211012
-130.0856 50.0099 6.0 -1642.0 -1001.7 2194.7 -985.85 3929.7 730.58 20 X Y 20150304083505
-130.385 50.5492 8.0 -53.611 -363.77 399.77 -154.59 120.26 -144.15 20 X Y 20150306165640
-129.2251 48.7895 7.0 -1057.3 198.06 1440.9 -1220.1 2264.2 -749.14 20 X Y 20150308204209
-128.3912 49.2386 10.0 -372.38 -1195.1 2627.2 -788.34 60.686 1130.4 20 X Y 20150325192242
-129.3002 50.5408 12.0 88.99 -49.094 -47.926 -7.2147 2.5105 -44.547 20 X Y 20150331084146
-131.0012 51.4987 9.0 12178.0 -394910.0 194630.0 -112000.0 94446.0 -177180.0 20 X Y 20150424135612
-130.752 51.738 10.0 91509.0 -262240.0 33308.0 -97875.0 26947.0 -109220.0 20 X Y 20150424135616
-130.9761 51.5669 11.0 1461.4 -4421.6 2836.3 -1188.6 -2914.7 -639.0 20 X Y 20150424140929
-130.2467 50.4015 7.0 42.12 304.9 -114.77 16.094 -197.72 -408.41 20 X Y 20150729233055
-130.0918 50.5581 9.0 1026.9 1170.9 -481.78 -1102.0 809.03 -3834.0 20 X Y 20150730003103
-130.3041 50.3109 12.0 -42.216 0.79691 -185.14 -181.4 -94.024 -417.45 20 X Y 20150731174507
-129.0821 48.7102 3.0 -235.55 -177.14 457.87 -530.2 1145.6 -147.85 20 X Y 20150817075825
-130.7446 51.0879 5.0 -283.89 255.53 37.289 131.45 137.03 -187.21 20 X Y 20150830151251
-130.371 50.5011 7.0 -282.48 -188.35 423.69 -501.37 313.8 -233.8 20 X Y 20150908093801
-130.1169 49.1722 11.0 466.08 -1479.9 1708.2 254.54 625.51 -514.58 20 X Y 20150919215025
-130.2529 50.2268 9.0 23.958 -517.91 220.68 -240.1 250.74 -1297.5 20 X Y 20150922132451
-130.4672 50.5991 7.0 10386.0 -36323.0 33637.0 -32203.0 25557.0 -16952.0 20 X Y 20150924134856
-130.3726 50.5058 9.0 -1573.4 -3996.6 3354.0 -2573.7 2246.8 -1484.8 20 X Y 20151022230735
-131.3618 51.4359 5.0 -37.741 -176.86 294.21 -391.94 25.184 -504.39 20 X Y 20151122060239
-131.2734 51.4529 5.0 107.76 -327.67 368.64 -541.77 212.54 -461.47 20 X Y 20151122064338
-131.472 51.3713 5.0 304.62 -730.13 1026.5 -1419.8 153.59 -1485.5 20 X Y 20151123041355
-130.3506 50.5434 14.0 55.304 -680.32 604.31 -110.06 81.921 -181.51 20 X Y 20151216082230
-130.1914 50.4786 11.0 -0.54478 -326.79 304.38 -15.04 83.428 -61.322 20 X Y 20151226035703
-129.1327 47.4797 9.0 -82.476 -101.9 180.97 -188.19 56.76 49.991 20 X Y 20160204060731
-130.1017 49.4499 12.0 -1416.3 -15394.0 13815.0 -7618.5 11972.0 486.35 20 X Y 20160318224653
-129.0018 47.3657 15.0 865.8 -3051.0 4214.2 2383.2 -2323.9 -162.64 20 X Y 20160507052519
-130.194 50.4374 10.0 -21.498 -148.81 303.23 -117.22 87.828 -1.2316 20 X Y 20160510221036
-130.2728 50.0842 8.0 -1302.7 77.303 1094.0 1.3914 505.54 -227.49 20 X Y 20160809143908
-130.7823 51.2231 10.0 -302.03 -7.1395 528.61 -160.06 165.78 87.683 20 X Y 20160826071911
-130.9145 51.4253 9.0 -278.1 -1623.3 1761.2 -705.39 508.33 -2293.0 20 X Y 20160916194650
-129.2912 48.807 4.0 -359.28 271.28 496.33 -341.58 472.71 -300.41 20 X Y 20160917224555
-130.2089 50.9837 6.0 -242.34 -187.05 239.61 232.5 -176.04 512.64 20 X Y 20161125040226
-130.21 50.24 8.0 -6262.4 2927.2 7486.0 -2099.1 4422.4 -3431.2 20 X Y 20170106154900
-130.0916 50.0855 8.0 -50.703 -254.65 716.79 -403.43 -303.44 -693.79 20 X Y 20170106165221
-130.2047 49.9046 7.0 19.683 -149.94 309.63 166.67 344.94 -65.648 20 X Y 20170106210527
-130.11 50.17 10.0 -13904.0 4663.3 16186.0 -1324.4 8167.8 -7497.4 20 X Y 20170107031354
-130.1219 50.0246 9.0 260.11 -1052.0 1292.9 130.93 156.43 -1209.6 20 X Y 20170107031739
-130.2738 50.0395 15.0 -36.023 -684.46 1127.1 10.617 46.098 -158.1 20 X Y 20170107032358
-130.0756 50.0265 8.0 411.6 -682.28 670.54 -57.827 429.42 -381.67 20 X Y 20170107063237
-129.6398 49.0646 2.0 -146.29 -661.53 1249.6 -1697.6 3607.1 162.37 20 X Y 20170212034737
-129.5418 49.5335 8.0 1828.5 -5247.4 4350.0 -1239.2 -2176.6 -862.99 20 X Y 20170223060455
-129.5069 49.5456 6.0 193.51 -661.27 404.17 -157.69 371.12 -55.473 20 X Y 20170223062921
-129.478 49.4991 7.0 2729.5 -4293.1 4083.0 -1692.4 2419.7 -1944.8 20 X Y 20170224122822
-130.3211 50.542 14.0 -361.37 -26.231 310.7 86.16 215.55 -275.98 20 X Y 20170507200532
-128.309 47.5172 3.0 -143.81 127.42 123.07 -777.03 373.49 -262.39 20 X Y 20170519120912
-130.3588 50.4951 9.0 92.828 -2659.3 2735.3 169.03 638.51 -812.96 20 X Y 20170610203815
-130.2939 50.5198 3.0 202.86 -277.1 85.807 -14.306 140.0 74.691 20 X Y 20170630180519
-130.8624 51.3212 8.0 284.52 -191.25 -48.371 -196.2 -23.844 -113.45 20 X Y 20170729141516
-130.5195 50.643 4.0 -2.5053 -388.31 272.37 -332.32 275.06 -79.165 20 X Y 20170928074802
-128.2795 48.1634 4.0 -319.69 -32.682 258.32 -348.31 517.38 73.735 20 X Y 20171011092605
-129.8983 49.2063 3.0 -50.804 27.349 76.942 -508.73 312.72 18.387 20 X Y 20171113183728
-130.015 49.1574 4.0 -409.8 -770.51 -255.97 -1216.4 2453.3 182.6 20 X Y 20171121094705
-130.7578 51.3678 4.0 209.04 -4.1034 -37.083 -263.65 4.5325 -320.68 20 X Y 20171205221414
-130.0728 50.0491 2.0 -521.48 -372.94 118.31 -437.88 1413.4 -11.849 20 X Y 20171217041108
-130.5337 50.732 11.0 -817.41 8.7531 521.05 -60.871 182.04 -115.16 20 X Y 20180110184007
-130.2883 50.5039 5.0 -88.028 -1342.6 807.43 -997.65 796.02 167.1 20 X Y 20180114185401
-130.2702 50.5002 4.0 741.1 -957.44 541.76 -1058.8 -418.68 250.39 20 X Y 20180114191052
-130.2569 50.4436 5.0 -210.72 -688.01 523.25 -287.65 200.73 184.54 20 X Y 20180114202535
-130.2822 50.4329 14.0 -158.11 -34.872 225.83 89.52 193.5 -190.54 20 X Y 20180114214124
-130.1211 50.5157 8.0 2.4873 -80.244 39.988 -106.24 35.495 -118.63 20 X Y 20180115053843
-129.1947 48.9234 4.0 27425.0 -8185.1 -4170.4 26949.0 9263.6 22383.0 20 X Y 20180123103922
-130.4952 51.1134 19.0 27.617 -411.73 200.26 61.598 -30.757 -69.775 20 X Y 20180128085201
-130.3863 50.5548 5.0 320.27 -393.52 130.44 -344.88 -745.86 -276.61 20 X Y 20180301183534
-127.5856 49.5211 9.0 60.584 -168.35 121.88 69.065 -108.66 -15.552 20 X Y 20180306093824
-129.6545 48.9838 4.0 -117.38 140.42 307.79 -458.92 797.0 22.097 20 X Y 20180316025623
-129.2903 48.9839 7.0 -124.73 49.536 181.24 -375.22 352.23 -10.295 20 X Y 20180403042113
-130.1527 50.5034 5.0 -16.205 -185.11 69.727 -51.157 -224.4 -107.49 20 X Y 20180424174116
-129.3872 48.6632 12.0 105.79 -587.64 586.94 -304.04 170.0 -222.24 20 X Y 20180510063615
-130.7619 51.278 12.0 171.46 -106.37 7.3902 49.645 -10.758 -102.88 20 X Y 20180702040813
-130.2279 50.2521 7.0 -10.061 -391.91 315.03 -62.982 253.76 -496.86 20 X Y 20180801041348
-130.4746 50.6556 5.0 451.85 -1674.0 837.58 -1269.8 -2002.4 -1118.6 20 X Y 20180821131005
-129.8304 48.9265 2.0 -43422.0 -79671.0 179570.0 -63489.0 73009.0 19199.0 20 X Y 20181022053935
-129.854 48.9767 21.0 84149.0 -507070.0 198400.0 -28429.0 -348290.0 527210.0 20 X Y 20181022061622
-128.3925 48.7509 8.0 36.185 -215.29 222.81 102.93 -85.686 36.135 20 X Y 20181029002435
-129.8154 48.9884 15.0 1014.4 -2441.8 3000.0 -340.62 -954.75 3420.5 20 X Y 20181101042215
-129.7106 48.9034 7.0 -292.9 -11.288 187.27 -78.68 -99.613 103.54 20 X Y 20181101095948
-129.801 48.9734 6.0 -1370.7 474.44 634.02 -508.36 118.46 -715.29 20 X Y 20181105202531
-129.4398 50.0856 10.0 63.038 -410.12 812.79 -750.45 383.15 -878.25 20 X Y 20181201073347
-129.2296 48.75 7.0 1228.7 -4105.5 5644.2 -2035.0 2916.6 2214.4 20 X Y 20181209162010
-129.2455 48.7328 6.0 727.57 -708.52 478.57 513.97 -453.23 104.96 20 X Y 20181209174836
-129.1546 48.7313 4.0 -483.45 -128.02 223.76 -488.48 567.65 -37.254 20 X Y 20181209181419
-130.3031 50.4475 10.0 234.81 -1164.2 895.26 -144.71 -156.96 -370.78 20 X Y 20190117032339
-130.2552 50.5698 15.0 174.02 -962.87 903.2 63.871 260.01 1148.3 20 X Y 20190211000159
-130.3365 50.5012 5.0 284.84 -967.28 257.97 187.26 372.02 1.048 20 X Y 20190213225355
-130.2955 50.5478 9.0 -4429.4 -3275.6 3275.4 -7849.0 3236.1 -4140.2 20 X Y 20190214003440
-130.4019 50.4911 15.0 233.45 -319.4 223.62 -280.39 183.13 -291.94 20 X Y 20190214005439
-130.2579 50.5623 16.0 34.793 -276.55 264.48 -6.3536 120.35 -198.63 20 X Y 20190215062736
-130.2795 50.1889 17.0 47.908 -526.02 437.41 84.879 164.28 115.69 20 X Y 20190223234300
-130.2263 50.1674 6.0 -1807.2 -59.508 1550.6 -387.99 1205.5 -65.668 20 X Y 20190422202656
-130.2778 50.0303 10.0 -3119.3 -22548.0 27202.0 13360.0 11771.0 1590.7 20 X Y 20190422214441
-130.7367 51.1549 7.0 46714.0 -81210.0 107070.0 -22052.0 160510.0 -343140.0 20 X Y 20190704043041
-130.7314 51.2024 6.0 271.9 -483.17 950.1 -632.63 253.3 -1217.8 20 X Y 20190705125136
-130.9853 51.0175 1.0 2440.2 -9746.5 12259.0 649.61 -5293.9 -14748.0 20 X Y 20190705125824
-130.9389 51.0776 5.0 135.71 -1022.6 1362.2 421.71 370.91 136.58 20 X Y 20190705130214
-130.1392 50.2278 4.0 -466.41 -207.84 320.79 144.29 566.59 -588.74 20 X Y 20190803041142
-130.5674 50.8339 4.0 -27.097 -51.779 81.126 48.54 8.9006 -75.243 20 X Y 20191118002926
-130.0984 50.3299 4.0 265.57 -4871.7 4744.7 1535.5 -1623.0 -188.67 20 X Y 20191223164410
-130.035 50.4146 4.0 -241.93 -35673.0 25118.0 -8774.6 16243.0 2144.6 20 X Y 20191223191324
-130.094 50.4871 9.0 -40114.0 -101430.0 78428.0 -71435.0 39626.0 -69621.0 20 X Y 20191223194941
-130.0174 50.2903 7.0 -19223.0 -170260.0 147730.0 -51947.0 63011.0 37443.0 20 X Y 20191223205621
-130.0474 50.3363 6.0 -59.964 -541.9 450.03 -36.874 127.89 -98.164 20 X Y 20191223222002
-130.204 50.3906 5.0 -652.46 -2552.8 2394.4 608.72 627.04 -750.36 20 X Y 20191223233825
-130.0955 50.4851 10.0 -95557.0 -96566.0 105300.0 -186240.0 46917.0 -144880.0 20 X Y 20191225033559
-129.3662 47.7203 11.0 1.9903 -165.86 159.23 26.316 -42.234 -8.3776 20 X Y 20200106122143
-130.4762 50.6677 7.0 17.704 -766.36 819.41 -232.87 165.35 -177.13 20 X Y 20200108202038
-131.3756 51.2945 7.0 -52.009 -787.01 1279.9 -398.79 -391.89 -853.26 20 X Y 20200214111700
-130.2483 50.4455 7.0 28.117 -400.98 564.55 131.19 11.901 -70.404 20 X Y 20200302134321
-130.2942 50.9881 7.0 -94.374 6.065 93.027 42.074 63.475 -56.4 20 X Y 20200305232228
-130.2842 50.4114 5.0 -23.752 -105.95 103.68 49.104 17.862 -18.923 20 X Y 20200329182854
-130.2003 50.4999 6.0 -28.14 -350.91 315.08 -126.76 -38.527 157.68 20 X Y 20200329193202
-127.8 49.3278 7.0 277.59 -1085.4 721.0 277.22 559.14 1589.1 20 X Y 20200510044559
-129.8157 50.1783 7.0 -1918.2 -3672.7 5837.9 -2455.9 1563.6 1633.0 20 X Y 20200523021448
-129.3728 48.8371 5.0 3574.0 -4458.3 4877.3 2302.4 2764.8 6437.7 20 X Y 20200722113321
-130.2877 50.4094 5.0 9.0618 -277.56 356.9 28.36 -5.8996 -68.739 20 X Y 20200819114055
-128.9809 47.5479 3.0 -324.67 -263.98 358.42 557.79 -689.16 -97.262 20 X Y 20201005104731
-130.6996 50.9934 5.0 -23.197 -123.7 130.43 -52.547 -26.305 -169.96 20 X Y 20201016135633
-131.2865 51.1824 5.0 -124.68 -445.98 495.64 -183.05 -106.89 -233.97 20 X Y 20201111011035
-130.2579 50.5149 9.0 -358.49 -1982.3 1896.9 722.98 606.02 -414.21 20 X Y 20201225171348
-129.0486 47.5769 2.0 -390.15 -167.7 495.14 -190.29 -160.69 -188.1 20 X Y 20210222135426
-130.2108 50.4726 9.0 -3.1816 -164.59 167.75 -47.923 31.292 8.5452 20 X Y 20210807201354
-129.001 48.8207 3.0 -350.2 -92.115 348.13 -159.22 489.85 -63.704 20 X Y 20210921061258
-128.6962 48.8727 5.0 -112.14 -77.353 155.37 -91.8 166.14 58.606 20 X Y 20211012145614
-131.0607 51.3486 4.0 -26.786 -7.4859 17.436 -21.554 -21.298 -41.255 20 X Y 20211016110159
-130.8212 51.1697 6.0 -36.225 -58.524 80.809 -50.509 -25.128 -66.843 20 X Y 20211028172404
-130.2038 49.9812 6.0 8.9043 -366.36 401.18 60.991 10.02 -26.107 20 X Y 20211127121656
-129.5695 50.0272 3.0 -146.5 -354.68 456.41 -232.71 113.87 -82.677 20 X Y 20220102131007
-130.3185 50.4869 7.0 -90.979 -470.55 481.61 114.96 81.198 -185.46 20 X Y 20220114063824
-130.232 50.4792 9.0 -80.192 -428.38 743.93 258.57 157.31 -189.18 20 X Y 20220114082529
-128.3562 50.0158 9.0 55.767 -42.899 -10.582 -15.359 12.951 -26.846 20 X Y 20220212083339
-128.3113 48.9208 8.0 -11.102 -66.366 88.038 -30.521 -4.1473 0.20302 20 X Y 20220407121220
-129.7645 50.195 10.0 559.7 -10084.0 11114.0 -2430.0 3730.3 3844.1 20 X Y 20220423212247
-128.9165 48.5661 1.0 10.361 -68.626 59.582 231.66 -1283.0 -99.002 20 X Y 20220505033811
-131.7478 53.7436 1.0 25.311 -50.844 36.623 -239.56 88.733 -52.879 20 X Y 20220509130205
-131.4151 51.6219 6.0 -147.91 -269.3 2533.0 -1119.6 -1176.4 -4269.3 20 X Y 20220604235910
-130.5102 50.6509 4.0 -67.939 -904.4 920.74 72.622 -41.319 -395.9 20 X Y 20220613173439
-131.3443 51.6133 7.0 36.69 -495.3 999.72 -492.46 -307.82 -1470.9 20 X Y 20220726054621
-129.1079 48.7254 5.0 373.43 -755.21 838.94 -308.06 583.22 517.39 20 X Y 20220808073853
-127.728 49.3968 6.0 -17.191 -98.415 86.026 -37.45 60.066 45.476 20 X Y 20220920030839
-131.6137 53.8645 4.0 33.344 24.258 -34.896 26.384 -60.609 -23.41 20 X Y 20221021054046
-130.0449 50.3203 7.0 -8.0533 -190.07 192.33 25.467 59.881 -44.725 20 X Y 20221107031715
-129.1875 47.6776 17.0 84.482 9.092 -77.765 100.2 -74.922 61.305 20 X Y 20221124131001
-131.5764 53.8602 6.0 5.6204 -38.498 -29.241 -154.67 -0.78296 -25.344 20 X Y 20221224093259
-129.1949 47.6796 6.0 -104.83 32.004 113.86 -21.536 -26.394 36.627 20 X Y 20221228044524
-129.1574 47.6532 13.0 30.713 -206.82 186.13 -22.169 -90.652 334.7 20 X Y 20221228080653
-130.0408 50.0407 11.0 33.393 -271.5 416.11 175.25 210.67 -112.88 20 X Y 20230208055935
-129.7826 50.2126 3.0 -408.91 -989.62 1066.4 -641.23 679.24 253.84 20 X Y 20230217065546
-129.1444 48.7466 18.0 412.17 -472.16 100.49 -296.83 256.23 92.317 20 X Y 20230220090836
-129.6946 50.0715 4.0 -166.18 -170.42 188.02 131.4 113.21 -68.798 20 X Y 20230308060729
-129.6012 50.07 7.0 -120.76 -26.93 88.099 63.886 129.25 -155.83 20 X Y 20230308100426
-129.6557 48.8137 5.0 603.43 -616.76 8.868 -435.65 525.02 368.47 20 X Y 20230312153154
-129.7193 50.0813 8.0 -177.82 -668.78 1077.1 -494.43 391.39 202.02 20 X Y 20230402010831
-129.6483 49.1051 11.0 13241.0 -28967.0 33273.0 3925.4 13140.0 12710.0 20 X Y 20230413155454
-129.3059 48.8892 6.0 -206.84 185.25 442.17 -307.39 856.23 -107.38 20 X Y 20230419185628
-130.4148 50.4896 6.0 13.597 -125.46 163.28 17.742 13.27 -37.958 20 X Y 20230618001754
-130.2594 50.3943 8.0 -12.406 -591.83 641.17 79.392 69.51 -67.817 20 X Y 20230620041244
-130.4568 50.6608 1.0 -5.3272 -15.563 16.721 -7.326 -12.804 -33.377 20 X Y 20230914171542
-130.4471 50.6583 1.0 -67.834 86.132 -24.238 -211.06 -37.706 -108.56 20 X Y 20230914173106
-130.4797 50.6413 3.0 -81.502 -76.37 119.7 -138.27 -275.26 -22.458 20 X Y 20230914174129
-130.5134 50.6614 3.0 -14.644 -50.688 52.088 -31.563 -14.517 -67.381 20 X Y 20230914175226
-130.4832 50.6392 2.0 -8.5518 -26.654 20.073 9.5634 7.9791 -32.803 20 X Y 20230915033538
-130.4968 50.577 8.0 48.002 -65.828 56.598 45.219 -34.854 -38.131 20 X Y 20230917094244
-130.462 50.6346 1.0 -105.02 -472.66 397.2 -169.96 -213.88 -486.07 20 X Y 20230917095857
-130.5176 50.6125 2.0 1433.8 -9871.3 9705.7 233.01 -3893.7 -10015.0 20 X Y 20230917112808
-130.466 50.6518 3.0 -46.976 -193.29 180.89 -224.79 27.954 -350.32 20 X Y 20230917151949
-128.8975 47.4262 8.0 -8.2476 -161.55 175.54 64.643 -63.35 9.998 20 X Y 20230925133147
-130.78 51.2373 5.0 -45.345 -33.842 95.514 -46.269 -20.311 -11.196 20 X Y 20231011071554
-130.5084 50.5636 2.0 -10.988 9.6115 -3.4932 35.731 -365.38 -23.27 20 X Y 20231011111524
-130.3604 50.5334 6.0 -22.578 -2347.0 2567.2 -420.67 93.919 -748.88 20 X Y 20231016031352
-130.2889 50.4749 7.0 -27.645 -931.97 1079.4 356.87 78.996 -87.612 20 X Y 20231024055820
-130.4279 50.6373 7.0 160.89 -327.63 462.5 34.167 265.98 -522.38 20 X Y 20240109014126
-130.3549 50.5343 7.0 -4.7592 -225.02 281.89 41.446 25.655 -134.41 20 X Y 20240130062318
-129.6597 48.7388 27.0 -1.7775 20.336 -14.837 -31.298 -9.5136 -93.496 20 X Y 20240310043657
-129.7639 48.7127 10.0 -17.676 -34.395 51.213 -24.066 7.8595 23.923 20 X Y 20240310121831
-130.1785 50.0007 5.0 -1560.5 -3076.2 2977.4 1464.0 1839.1 -2358.6 20 X Y 20240418060601
-128.792 48.7463 4.0 303.51 -1361.6 636.32 -228.59 2067.5 1876.9 20 X Y 20240503030328
-128.8334 48.727 5.0 -50289.0 -250700.0 239690.0 -211440.0 347270.0 93923.0 20 X Y 20240711150846
-130.9513 51.3643 10.0 69902.0 -112940.0 133120.0 34046.0 185240.0 -212280.0 20 X Y 20240915222243
